	G1-11	G1-12	G1-13	G1-130	G1-131	G1-132	G1-135	G1-136	G1-138	G1-14	G1-15	G1-177	G1-178	G1-193	G2-194	G2-413	G2-414	G2-415	G2-416	G3-417	G3-418	G3-419	G3-420	G3-421	G3-422	G3-423	G3-424	G3-425	G3-426	G3-427	G3-428	G3-429	G3-430
G1-11	0.0	0.1401029623033671	0.09069967105419463	0.2453964220488899	0.1668825925948603	0.24779412959107458	0.17020682672223356	0.08041951735090361	0.15336056666910278	0.09364227950089486	0.07081953315797562	0.10094050792417485	0.04606727621067401	0.11361308688670757	0.03573246464475834	0.1284759329463259	0.06530379160439068	0.1322544206622508	0.1543829365571493	0.07243347822635487	0.050418335133724984	0.09790243282943069	0.0579440390330843	0.024220765395829905	0.06639019293882525	0.05128924332631668	0.0813286098796482	0.037085837509131934	0.016418952136198314	0.05798947125495372	0.055536893771847506	0.1164246271103548	0.06678885880020408
G1-12	0.1401029623033671	0.0	0.22961558447544178	0.2641807812234817	0.10572916783742753	0.2666322492140452	0.10297981100386429	0.07323385261139002	0.12425505563945821	0.07123341924471918	0.1362136555436509	0.2094158257498093	0.1523301936626729	0.03106160562108325	0.10572528072355604	0.036312435864986524	0.17287623004717043	0.12043254065514207	0.14379509489669373	0.18055494856230228	0.12939502141029877	0.06254843761477959	0.1645829079369469	0.13459609412933776	0.17294864811345217	0.1405054356639714	0.08589946134250855	0.1675337172956235	0.13374462176127244	0.16612838527330512	0.16373205034646374	0.22501248013389508	0.17360494175467941
G1-13	0.09069967105419463	0.22961558447544178	0.0	0.17494912155448547	0.19530838904699593	0.16910175359110788	0.23009999275296114	0.15927279472664868	0.16069292209632235	0.17160611349097724	0.12769571216662357	0.12889732059833015	0.12533198562537445	0.20369419524087498	0.12606466424439386	0.21713231367711813	0.12992138450117355	0.17191841050508724	0.17790739292717536	0.10959635713290435	0.11820393491629469	0.1864443763524225	0.12903980844869692	0.11157639581134621	0.1297055420650287	0.12955677678606314	0.16207451428119493	0.102717058235784	0.10496977002629596	0.1269124554120998	0.1268961397631563	0.13174509668868709	0.12972555862461493
G1-130	0.2453964220488899	0.2641807812234817	0.17494912155448547	0.0	0.17357592238577177	0.007385541540511026	0.25017888704181146	0.252248219454083	0.161152271582333	0.256650210213153	0.2584072921843584	0.2845084736693214	0.28068616464134305	0.26881670345714603	0.2721597060685157	0.27712493950719713	0.28582113374627804	0.2530828966025354	0.27138457544324596	0.2728746369559468	0.27088340085988405	0.27646308863972147	0.2843347161460219	0.26708029264579397	0.2850597218349909	0.28468164321881606	0.27542314134497553	0.2577835688070521	0.2600533655685331	0.2820262951764618	0.2819797353053934	0.2870020049140167	0.2848137709325236
G1-131	0.1668825925948603	0.10572916783742753	0.19530838904699593	0.17357592238577177	0.0	0.1792063352168825	0.14419720843125375	0.1149323349376412	0.03652707933859565	0.10232708845360677	0.1783983918886096	0.2650820850351209	0.21046612684001695	0.10974970431416912	0.16179039175684817	0.1057912208140049	0.22704274575275996	0.1723416221026977	0.19674352898929598	0.23312396221475473	0.1831484911954462	0.10889219362403361	0.22185056216905305	0.17532376433084443	0.2302484296748399	0.19262851222774052	0.12694005913715672	0.2021441879408531	0.17520711865666602	0.22265138469544615	0.22005389616203747	0.2811906383796887	0.2314869745801379
G1-132	0.24779412959107458	0.2666322492140452	0.16910175359110788	0.007385541540511026	0.1792063352168825	0.0	0.2501155231893831	0.25216809667373835	0.16088174000935407	0.2566517563177067	0.25828775274541166	0.28684571828170163	0.28302340925372327	0.27123003671492923	0.2746011895947259	0.2793977221605695	0.28822592451857676	0.2529591201502165	0.26608281848434	0.2728296812552235	0.2707934047296774	0.2787747770560627	0.286671960758402	0.26941753725817413	0.2873969664473711	0.28701888783119633	0.2752141552198919	0.26019690206483537	0.2624581563408318	0.2844310859487605	0.2843845260776922	0.28933073079438393	0.28721856170482235
G1-135	0.17020682672223356	0.10297981100386429	0.23009999275296114	0.25017888704181146	0.14419720843125375	0.2501155231893831	0.0	0.11638345666224853	0.1382399048153092	0.11081325732736905	0.111669869113115	0.22136180611813536	0.17834830927192438	0.11888671040761821	0.1545287288561968	0.11911592269965728	0.1870150724173743	0.0592191315189855	0.07720529089940709	0.1645187756572466	0.12319166240404342	0.12998104620011772	0.18550018622629552	0.1630309794432608	0.18974186935236803	0.16626030953142742	0.13058239868570057	0.18445551253709605	0.16768880509953102	0.185245127248472	0.18407396018653407	0.23671847812043917	0.19093029206663864
G1-136	0.08041951735090361	0.07323385261139002	0.15927279472664868	0.252248219454083	0.1149323349376412	0.25216809667373835	0.11638345666224853	0.0	0.1061145683282327	0.015191590844678114	0.0679446615078839	0.16097769597403955	0.10627937041803685	0.046911044111841146	0.05685839935434901	0.06250468020648885	0.12569353398423422	0.07923893024856966	0.10123320506593578	0.12215184098782479	0.07171084561698302	0.037067599883089476	0.11941032958478853	0.08007424226601657	0.12775661419973133	0.09228566211578744	0.03461956566226596	0.10840190135390163	0.07471846192976657	0.11957521263832789	0.1169120604486155	0.17760019592066564	0.12803942157492873
G1-138	0.15336056666910278	0.12425505563945821	0.16069292209632235	0.161152271582333	0.03652707933859565	0.16088174000935407	0.1382399048153092	0.1061145683282327	0.0	0.1001345581516823	0.1600291892207691	0.25063522190153276	0.1968171771803813	0.12877748053127475	0.14841640662347047	0.12178383147342685	0.21322589961459695	0.16683237545509957	0.19073593485759355	0.21481628903801067	0.1652605654872365	0.12081073915731116	0.20820161250941738	0.16137601895304454	0.2165611457211455	0.1781826785532196	0.11635749467705545	0.1887702027435776	0.16178838673173584	0.2092557705292885	0.20659041744555492	0.2666983323593892	0.21808694946510904
G1-14	0.09364227950089486	0.07123341924471918	0.17160611349097724	0.256650210213153	0.10232708845360677	0.2566517563177067	0.11081325732736905	0.015191590844678114	0.1001345581516823	0.0	0.07662492416765551	0.17090468555571264	0.1170295693894757	0.04487801899671932	0.06854173364136185	0.048137201822327114	0.13338456621251052	0.0781761746688984	0.10017045018913993	0.13168959728800378	0.0814533599526994	0.030417017180031845	0.12851311893509307	0.08598811394141195	0.13687265214682126	0.0989387408480786	0.03242402566090557	0.12039033746969703	0.08756080011816667	0.12934692760524188	0.12669865949247738	0.18772541393550146	0.13820373407419326
G1-15	0.07081953315797562	0.1362136555436509	0.12769571216662357	0.2584072921843584	0.1783983918886096	0.25828775274541166	0.111669869113115	0.0679446615078839	0.1600291892207691	0.07662492416765551	0.0	0.12503640337693983	0.08699174997549963	0.10999192837458593	0.061769949769183895	0.12265355699002632	0.09856986701844526	0.07131304398716441	0.09298200250010102	0.0707185264439109	0.032639200941312146	0.09175327355341281	0.09506772684285941	0.07024074608644217	0.0991568982291697	0.06769116284848531	0.06562771755395862	0.08464430948688344	0.06795363672028723	0.09426381528678882	0.09288844690069116	0.14228681880575506	0.09980247240908116
G1-177	0.10094050792417485	0.2094158257498093	0.12889732059833015	0.2845084736693214	0.2650820850351209	0.28684571828170163	0.22136180611813536	0.16097769597403955	0.25063522190153276	0.17090468555571264	0.12503640337693983	0.0	0.058010762087666694	0.18371690248061887	0.1068028552648386	0.19709918184016695	0.04313517575763761	0.16861666620721094	0.18894864453975216	0.061567815589418644	0.10831545707129663	0.16538990131722353	0.047678932567704085	0.09628120170917641	0.03907415495325953	0.10814547561903445	0.14781601775313394	0.06582823455508081	0.09247625688481599	0.04607087664688309	0.04885734129200461	0.021460833631921018	0.03883765405469063
G1-178	0.04606727621067401	0.1523301936626729	0.12533198562537445	0.28068616464134305	0.21046612684001695	0.28302340925372327	0.17834830927192438	0.10627937041803685	0.1968171771803813	0.1170295693894757	0.08699174997549963	0.058010762087666694	0.0	0.1266276619934896	0.052287071636092385	0.14056471345754115	0.02256612682165916	0.14141693030917388	0.16121485198921845	0.033336679995653096	0.05611103333586747	0.11087489100517323	0.01514707049160877	0.043811325047885916	0.023436417560721196	0.06053597349346363	0.0914380808842543	0.027860411483126596	0.03764266293654504	0.017116759202263396	0.014435207128068244	0.0753998434772152	0.02389324305896821
G1-193	0.11361308688670757	0.03106160562108325	0.20369419524087498	0.26881670345714603	0.10974970431416912	0.27123003671492923	0.11888671040761821	0.046911044111841146	0.12877748053127475	0.04487801899671932	0.10999192837458593	0.18371690248061887	0.1266276619934896	0.0	0.07857857918306765	0.021901981670950896	0.1467358588160644	0.09402295265274299	0.117861726553942	0.1544200173439971	0.10391573928819609	0.03685654698446159	0.13867860278062816	0.10838843553188952	0.14713038674005416	0.11434807615763454	0.06007987538753749	0.14052956222015262	0.10637085897723049	0.13929275713687497	0.1365569976756526	0.19854133094642326	0.1470967336377668
G2-194	0.03573246464475834	0.10572528072355604	0.12606466424439386	0.2721597060685157	0.16179039175684817	0.2746011895947259	0.1545287288561968	0.05685839935434901	0.14841640662347047	0.06854173364136185	0.061769949769183895	0.1068028552648386	0.052287071636092385	0.07857857918306765	0.0	0.09500631369896745	0.07240585388253724	0.11595590374816167	0.13805301259953842	0.07902424665630914	0.03489288280105649	0.06451197133647403	0.06417721426599013	0.03135375424812865	0.07285204004305422	0.03844711023971238	0.047945917650997726	0.062233520202761135	0.0289132183279095	0.06408990140951641	0.061572932865155215	0.1223452429480795	0.07289120645881558
G2-413	0.1284759329463259	0.036312435864986524	0.21713231367711813	0.27712493950719713	0.1057912208140049	0.2793977221605695	0.11911592269965728	0.06250468020648885	0.12178383147342685	0.048137201822327114	0.12265355699002632	0.19709918184016695	0.14056471345754115	0.021901981670950896	0.09500631369896745	0.0	0.1552620806164519	0.10795374853187452	0.13144751251792638	0.16781898905161755	0.11570052651256552	0.03237439363078571	0.1500805145349551	0.1169501762982653	0.1585332663210549	0.12415373200438996	0.05704307408277381	0.15502653422212237	0.12237780397203946	0.15302010775869473	0.1503570169083305	0.2119766626587587	0.1600590902039724
G2-414	0.06530379160439068	0.17287623004717043	0.12992138450117355	0.28582113374627804	0.22704274575275996	0.28822592451857676	0.1870150724173743	0.12569353398423422	0.21322589961459695	0.13338456621251052	0.09856986701844526	0.04313517575763761	0.02256612682165916	0.1467358588160644	0.07240585388253724	0.1552620806164519	0.0	0.15410677896189479	0.17483886317778888	0.04580314418443257	0.06974761111594166	0.12685003339134393	0.008624517595478188	0.06022980191607867	0.005377029046501453	0.0745445871760868	0.10742981391843714	0.03263696084816993	0.05764427878971074	0.008981190937354977	0.01103600397707425	0.05864788985166429	0.006507116329862785
G2-415	0.1322544206622508	0.12043254065514207	0.17191841050508724	0.2530828966025354	0.1723416221026977	0.2529591201502165	0.0592191315189855	0.07923893024856966	0.16683237545509957	0.0781761746688984	0.07131304398716441	0.16861666620721094	0.14141693030917388	0.09402295265274299	0.11595590374816167	0.10795374853187452	0.15410677896189479	0.0	0.02490075283367708	0.10886746237450928	0.08795376451499333	0.09866385392125665	0.15027352345677847	0.13005854044651857	0.15444269286936513	0.13097785516012495	0.09885681929344642	0.14628111855011547	0.12914572735397342	0.14930652548452722	0.14828410136667408	0.17937325902131293	0.15465040898672716
G2-416	0.1543829365571493	0.14379509489669373	0.17790739292717536	0.27138457544324596	0.19674352898929598	0.26608281848434	0.07720529089940709	0.10123320506593578	0.19073593485759355	0.10017045018913993	0.09298200250010102	0.18894864453975216	0.16121485198921845	0.117861726553942	0.13805301259953842	0.13144751251792638	0.17483886317778888	0.02490075283367708	0.0	0.1298769691728146	0.10892671882016379	0.1195412725405385	0.17132658036474196	0.15158409016036198	0.175419978442499	0.15198195206159237	0.1195404123283923	0.16839254947404533	0.15114000287421495	0.17037296402787583	0.16897420722689374	0.198604148271248	0.17547643963041254
G3-417	0.07243347822635487	0.18055494856230228	0.10959635713290435	0.2728746369559468	0.23312396221475473	0.2728296812552235	0.1645187756572466	0.12215184098782479	0.21481628903801067	0.13168959728800378	0.0707185264439109	0.061567815589418644	0.033336679995653096	0.1544200173439971	0.07902424665630914	0.16781898905161755	0.04580314418443257	0.10886746237450928	0.1298769691728146	0.0	0.05365053363898315	0.13679571473750832	0.04210661311656857	0.07001769304584618	0.04615176473613657	0.08008905890284514	0.11269308913354667	0.046711514570411616	0.06446971694845129	0.04101303036946443	0.040529931426827114	0.07250093678271273	0.046494758753888005
G3-418	0.050418335133724984	0.12939502141029877	0.11820393491629469	0.27088340085988405	0.1831484911954462	0.2707934047296774	0.12319166240404342	0.07171084561698302	0.1652605654872365	0.0814533599526994	0.032639200941312146	0.10831545707129663	0.05611103333586747	0.10391573928819609	0.03489288280105649	0.11570052651256552	0.06974761111594166	0.08795376451499333	0.10892671882016379	0.05365053363898315	0.0	0.08688292166152622	0.0638197628582045	0.04723146892755731	0.07121560407078686	0.052128877891764167	0.06064247317342032	0.06709180709961103	0.0480529592680329	0.0654005301453649	0.06377586211843088	0.12444024311895714	0.0720917653574165
G3-419	0.09790243282943069	0.06254843761477959	0.1864443763524225	0.27646308863972147	0.10889219362403361	0.2787747770560627	0.12998104620011772	0.037067599883089476	0.12081073915731116	0.030417017180031845	0.09175327355341281	0.16538990131722353	0.11087489100517323	0.03685654698446159	0.06451197133647403	0.03237439363078571	0.12685003339134393	0.09866385392125665	0.1195412725405385	0.13679571473750832	0.08688292166152622	0.0	0.12098557543308137	0.08521858615934881	0.12936456420637213	0.09289959132691034	0.02863054241668445	0.12414609969764029	0.09204578586347005	0.12250900088849784	0.12048659249727918	0.18097412009256264	0.13116656651880598
G3-420	0.0579440390330843	0.1645829079369469	0.12903980844869692	0.2843347161460219	0.22185056216905305	0.286671960758402	0.18550018622629552	0.11941032958478853	0.20820161250941738	0.12851311893509307	0.09506772684285941	0.047678932567704085	0.01514707049160877	0.13867860278062816	0.06417721426599013	0.1500805145349551	0.008624517595478188	0.15027352345677847	0.17132658036474196	0.04210661311656857	0.0638197628582045	0.12098557543308137	0.0	0.054841382766382556	0.008902631591455702	0.07048202805844596	0.10262804481283634	0.029706618471140513	0.04994288641978368	0.0034272017973753016	0.0033308287063096033	0.06292722660695038	0.010543730892908623
G3-421	0.024220765395829905	0.13459609412933776	0.11157639581134621	0.26708029264579397	0.17532376433084443	0.26941753725817413	0.1630309794432608	0.08007424226601657	0.16137601895304454	0.08598811394141195	0.07024074608644217	0.09628120170917641	0.043811325047885916	0.10838843553188952	0.03135375424812865	0.1169501762982653	0.06022980191607867	0.13005854044651857	0.15158409016036198	0.07001769304584618	0.04723146892755731	0.08521858615934881	0.054841382766382556	0.0	0.06330566461950822	0.040258518325589486	0.06862336610704961	0.04491700233391471	0.015700617213288297	0.055831952885930125	0.053854948778781074	0.11339355481779048	0.0648170375527787
G3-422	0.06639019293882525	0.17294864811345217	0.1297055420650287	0.2850597218349909	0.2302484296748399	0.2873969664473711	0.18974186935236803	0.12775661419973133	0.2165611457211455	0.13687265214682126	0.0991568982291697	0.03907415495325953	0.023436417560721196	0.14713038674005416	0.07285204004305422	0.1585332663210549	0.005377029046501453	0.15444269286936513	0.175419978442499	0.04615176473613657	0.07121560407078686	0.12936456420637213	0.008902631591455702	0.06330566461950822	0.0	0.07749459838779361	0.11096346483218306	0.032536778934545756	0.05828917102194691	0.009533749345383516	0.0118210021615401	0.05447119145625048	0.002009183628980616
G3-423	0.05128924332631668	0.1405054356639714	0.12955677678606314	0.28468164321881606	0.19262851222774052	0.28701888783119633	0.16626030953142742	0.09228566211578744	0.1781826785532196	0.0989387408480786	0.06769116284848531	0.10814547561903445	0.06053597349346363	0.11434807615763454	0.03844711023971238	0.12415373200438996	0.0745445871760868	0.13097785516012495	0.15198195206159237	0.08008905890284514	0.052128877891764167	0.09289959132691034	0.07048202805844596	0.040258518325589486	0.07749459838779361	0.0	0.07332944289033896	0.071138627818069	0.045523543861688304	0.07124461561829112	0.07001139932659173	0.12456339728669213	0.07847530409665836
G3-424	0.0813286098796482	0.08589946134250855	0.16207451428119493	0.27542314134497553	0.12694005913715672	0.2752141552198919	0.13058239868570057	0.03461956566226596	0.11635749467705545	0.03242402566090557	0.06562771755395862	0.14781601775313394	0.0914380808842543	0.06007987538753749	0.047945917650997726	0.05704307408277381	0.10742981391843714	0.09885681929344642	0.1195404123283923	0.11269308913354667	0.06064247317342032	0.02863054241668445	0.10262804481283634	0.06862336610704961	0.11096346483218306	0.07332944289033896	0.0	0.10773466059592628	0.07497983334018134	0.10593327564369659	0.10325309982236348	0.16403955003313292	0.11268386507046221
G3-425	0.037085837509131934	0.1675337172956235	0.102717058235784	0.2577835688070521	0.2021441879408531	0.26019690206483537	0.18445551253709605	0.10840190135390163	0.1887702027435776	0.12039033746969703	0.08464430948688344	0.06582823455508081	0.027860411483126596	0.14052956222015262	0.062233520202761135	0.15502653422212237	0.03263696084816993	0.14628111855011547	0.16839254947404533	0.046711514570411616	0.06709180709961103	0.12414609969764029	0.029706618471140513	0.04491700233391471	0.032536778934545756	0.071138627818069	0.10773466059592628	0.0	0.03454155598096475	0.02710776482932286	0.027319310042205676	0.08189809656983035	0.032566193773644544
G3-426	0.016418952136198314	0.13374462176127244	0.10496977002629596	0.2600533655685331	0.17520711865666602	0.2624581563408318	0.16768880509953102	0.07471846192976657	0.16178838673173584	0.08756080011816667	0.06795363672028723	0.09247625688481599	0.03764266293654504	0.10637085897723049	0.0289132183279095	0.12237780397203946	0.05764427878971074	0.12914572735397342	0.15114000287421495	0.06446971694845129	0.0480529592680329	0.09204578586347005	0.04994288641978368	0.015700617213288297	0.05828917102194691	0.045523543861688304	0.07497983334018134	0.03454155598096475	0.0	0.04995189986980784	0.04705967677330852	0.10815382018854261	0.05818745968087973
G3-427	0.05798947125495372	0.16612838527330512	0.1269124554120998	0.2820262951764618	0.22265138469544615	0.2844310859487605	0.185245127248472	0.11957521263832789	0.2092557705292885	0.12934692760524188	0.09426381528678882	0.04607087664688309	0.017116759202263396	0.13929275713687497	0.06408990140951641	0.15302010775869473	0.008981190937354977	0.14930652548452722	0.17037296402787583	0.04101303036946443	0.0654005301453649	0.12250900088849784	0.0034272017973753016	0.055831952885930125	0.009533749345383516	0.07124461561829112	0.10593327564369659	0.02710776482932286	0.04995189986980784	0.0	0.0035822058737227684	0.06062156353845934	0.010047110763028463
G3-428	0.055536893771847506	0.16373205034646374	0.1268961397631563	0.2819797353053934	0.22005389616203747	0.2843845260776922	0.18407396018653407	0.1169120604486155	0.20659041744555492	0.12669865949247738	0.09288844690069116	0.04885734129200461	0.014435207128068244	0.1365569976756526	0.061572932865155215	0.1503570169083305	0.01103600397707425	0.14828410136667408	0.16897420722689374	0.040529931426827114	0.06377586211843088	0.12048659249727918	0.0033308287063096033	0.053854948778781074	0.0118210021615401	0.07001139932659173	0.10325309982236348	0.027319310042205676	0.04705967677330852	0.0035822058737227684	0.0	0.06352851596946225	0.01201699169129661
G3-429	0.1164246271103548	0.22501248013389508	0.13174509668868709	0.2870020049140167	0.2811906383796887	0.28933073079438393	0.23671847812043917	0.17760019592066564	0.2666983323593892	0.18772541393550146	0.14228681880575506	0.021460833631921018	0.0753998434772152	0.19854133094642326	0.1223452429480795	0.2119766626587587	0.05864788985166429	0.17937325902131293	0.198604148271248	0.07250093678271273	0.12444024311895714	0.18097412009256264	0.06292722660695038	0.11339355481779048	0.05447119145625048	0.12456339728669213	0.16403955003313292	0.08189809656983035	0.10815382018854261	0.06062156353845934	0.06352851596946225	0.0	0.05405175347678648
G3-430	0.06678885880020408	0.17360494175467941	0.12972555862461493	0.2848137709325236	0.2314869745801379	0.28721856170482235	0.19093029206663864	0.12803942157492873	0.21808694946510904	0.13820373407419326	0.09980247240908116	0.03883765405469063	0.02389324305896821	0.1470967336377668	0.07289120645881558	0.1600590902039724	0.006507116329862785	0.15465040898672716	0.17547643963041254	0.046494758753888005	0.0720917653574165	0.13116656651880598	0.010543730892908623	0.0648170375527787	0.002009183628980616	0.07847530409665836	0.11268386507046221	0.032566193773644544	0.05818745968087973	0.010047110763028463	0.01201699169129661	0.05405175347678648	0.0
