	G1-11	G1-12	G1-13	G1-130	G1-131	G1-132	G1-135	G1-136	G1-138	G1-139	G1-14	G1-140	G1-141	G1-142	G1-143	G1-144	G1-15	G1-177	G1-178	G1-180	G1-182	G1-187	G1-188	G1-189	G1-190	G1-192	G1-193	G2-1100	G2-1101	G2-1102	G2-1103	G2-1104	G2-1105	G2-1106	G2-1107	G2-1108	G2-1109	G2-1110	G2-1111	G2-1113	G2-194	G2-197	G2-198	G2-199	G2-21	G2-210	G2-211	G2-212	G2-213	G2-214	G2-215	G2-216	G2-217	G2-218	G2-219	G2-22	G2-220	G2-221	G2-222	G2-223	G2-224	G2-23	G2-24	G2-25	G2-26	G2-27	G2-28	G2-29	G2-313	G2-314	G2-315	G2-316	G2-317	G2-318	G2-319	G2-320	G2-321	G2-322	G2-323	G2-324	G2-325	G2-326	G2-327	G2-328	G2-329	G2-330	G2-413	G2-414	G2-415	G2-416	G3-417	G3-418	G3-419	G3-420	G3-421	G3-422	G3-423	G3-424	G3-425	G3-426	G3-427	G3-428	G3-429	G3-430
G1-11	0.0	0.0687995782347297	0.0936315730058453	0.2506673889100117	0.24953098379250857	0.25936093496844304	0.2442693434246004	0.09276532896503262	0.2275410415952715	0.0702582705975322	0.17280724973773484	0.07148821875863422	0.08962977613124296	0.08972241311124216	0.10007544073705248	0.07310759640103198	0.12998775722543957	0.0884582151203084	0.09201936026723474	0.26022447373343316	0.261224385418612	0.0691320173435032	0.07330689591882462	0.09418139821519919	0.09808217395520753	0.1019744595781982	0.10551411494225907	0.16799484035557619	0.18794332673950523	0.14640424422590168	0.14212357046948176	0.2798567513546394	0.3028870505132746	0.3010907463472205	0.28312770468667947	0.3038329465288642	0.2966477298646478	0.31214707173946543	0.30742555486097245	0.3067581592413032	0.052391609045008836	0.261392153461945	0.3099712515551875	0.17731134859921005	0.28839142411492497	0.3043852633345282	0.2897272217501849	0.2888376380281905	0.08991827679752061	0.07309875874548354	0.09406420886784092	0.0958388858466033	0.08875642303741202	0.09785713200069988	0.07058124126461839	0.3054922524292523	0.06998924759173572	0.07096589840451745	0.07722341135904164	0.07222494641244578	0.07158896984805459	0.3055088780041008	0.3055088780041008	0.22014491639168765	0.2958786731478013	0.3023776751662104	0.3106809369523452	0.30822538634556795	0.30588572358079463	0.22388080420000106	0.2974981380151123	0.2076251941465542	0.2833700092471644	0.2698353336341008	0.30855446340735726	0.2957018338490582	0.27594248802246313	0.28133140052062544	0.2714799283328434	0.1778103349388289	0.10233649522450818	0.12650842910354615	0.11839237260600291	0.16633489249112815	0.09682966254591042	0.2486639440923332	0.22929209463331754	0.06926870990932309	0.18182623909528617	0.23435674863545808	0.06808904512924364	0.09820762046496682	0.17710867805836983	0.07149638904597964	0.07734811816806221	0.07204619303760437	0.12783460930968552	0.16091566449218897	0.04023777698988043	0.05649989036511549	0.0630060015128833	0.06890281843981408	0.0802553883229176	0.0672251157635466
G1-12	0.0687995782347297	0.0	0.15881272876699312	0.3178483251385164	0.31696355996737696	0.32280180644052847	0.2553166966047769	0.12306714802785723	0.2948073531119289	0.013147142203410156	0.19293005745763878	0.01970156779280336	0.0213900610195495	0.021482698499548692	0.11043741374285918	0.03034392739603505	0.14908363581928558	0.020524591082424475	0.02442097350982291	0.31188976091187187	0.30534888230345675	0.06514653211018485	0.015594535176287151	0.10490675272112746	0.11285357290689112	0.11268657622790267	0.1183649676752023	0.17852021737749854	0.19893661840383914	0.15739753589023553	0.17125753085101314	0.30173170198596233	0.31345648270528503	0.311660178539231	0.2936971368786899	0.3150877588952445	0.3079025422310281	0.3227165039314759	0.3186803672273526	0.31732759143331357	0.06291522618472258	0.29101186364148296	0.3207318375885194	0.18830464026354396	0.299677811190808	0.3158312295422299	0.30931154323145005	0.3095455480437593	0.022363940110196944	0.01705367836278575	0.02582449175614747	0.027599168634909826	0.020516706125718563	0.030302795013376203	0.007317687828163893	0.31465366020262925	0.013072339077593757	0.07213805813357128	0.012093361784943584	0.01120361310483007	0.010059312439688793	0.3146702857774778	0.3146702857774778	0.2639442094731645	0.30504008092117846	0.31382364137391217	0.3214415229856771	0.31898597237889986	0.3171405359471749	0.23440618122192342	0.3080675702071228	0.21815057116847655	0.2938953862690866	0.2810460908303929	0.31912389559936766	0.3062712660410687	0.2865119202144735	0.2919008327126359	0.2822487632036688	0.18919808242441924	0.11394586544832551	0.1377632414699264	0.13004579799990848	0.17794426271494557	0.1084830879398159	0.25987470128862533	0.24005268066664945	0.031122201312089315	0.19101005925818004	0.24347410123874696	0.07345576294470618	0.10938790876435334	0.18846211971235594	0.010025014469760212	0.09897155444309319	0.008296528593531595	0.1391880509636716	0.1719189625022773	0.0722897142450441	0.08778273613085824	0.04371516425670847	0.042188266676860334	0.013139946558543721	0.04447482762992934
G1-13	0.0936315730058453	0.15881272876699312	0.0	0.17973809232148455	0.17886596206180563	0.1837640286242151	0.22890766432764878	0.10311212851138116	0.16211870222230199	0.16074835671464163	0.1625522101611534	0.15861044900396595	0.17339288776224113	0.17355467780430822	0.15271776957993513	0.1599021238151456	0.11482027778536885	0.17061193024739182	0.17235574699069295	0.20678933722672685	0.2090328451740148	0.1567601018965515	0.1616292457271923	0.15241402891370812	0.14687389379431562	0.1496250433470046	0.13756266158017505	0.16733373755298495	0.18781698352824144	0.15196993392650968	0.1422964448525179	0.2769172851546273	0.3017813585367423	0.29998505437068823	0.2820220127101472	0.30272725455233196	0.2955420378881156	0.3113915234068309	0.30631986288444013	0.3060026109086686	0.1399056445872567	0.257895458313126	0.30988655016479183	0.17718500538794626	0.26970532071038944	0.3040093805837487	0.29034280764758474	0.2894972790956786	0.1704977480474194	0.16125294386278072	0.17497891664821175	0.17578107465607562	0.17258868773047809	0.17585428286837532	0.16181242520299563	0.2763744011176149	0.1618759470897645	0.15813313085369218	0.16836645111004003	0.16175417750244186	0.16219023210700534	0.27639102669246346	0.27639102669246346	0.20396921415918964	0.2748911150156386	0.28756475358357686	0.3109463792058472	0.30849082859907007	0.30513017524816005	0.2228523220231936	0.2963924460385801	0.20669671154829922	0.2823083724407202	0.2687736968276567	0.3077989150747227	0.294596141872526	0.2748367960459309	0.2802257085440931	0.2705736390351261	0.1768375780815067	0.1302340300504708	0.1519655599324157	0.1330084964042647	0.15059350487607362	0.13231657533770214	0.23595084432160252	0.22918396794109352	0.1574412013662303	0.1545920132041562	0.20528295249390896	0.12854421948533537	0.1266280636456935	0.17736970609833258	0.1619998546564905	0.13642682308070037	0.1621576082386631	0.15139035385235325	0.15088108280317897	0.1233489611255925	0.12286629968331247	0.15094348666240576	0.15510840479564517	0.16364841290014384	0.15377693345090374
G1-130	0.2506673889100117	0.3178483251385164	0.17973809232148455	0.0	0.15535249899513928	0.015256632966678766	0.2701805451113422	0.2707780982609573	0.17115213088983441	0.3179494781733262	0.27791879860548285	0.3165580574922444	0.3368531708489484	0.33701496089101546	0.31045321065890785	0.3176375648941181	0.2771884417881051	0.33602335477510553	0.33906242012715154	0.18095923756427845	0.259239441292877	0.31437441204482003	0.3187267918824233	0.3096935812777541	0.3041206280762247	0.3073604844259772	0.29434565731544027	0.3083027390385849	0.30791519482031143	0.3100150344977251	0.28326544428811795	0.2790704814591039	0.30007071287123643	0.3001717531591397	0.30118215603817133	0.2991192644328688	0.2995234255844816	0.2982968110175815	0.2989171838570624	0.29859993188129086	0.296688640322522	0.25525746519589243	0.2863777680540283	0.30866728365375995	0.25980633982664797	0.2824419979470305	0.27442340335265036	0.2679298964589605	0.336359782293874	0.31830855719016155	0.34084095089466626	0.34244369262244606	0.3360489708171853	0.34411806827457725	0.319133645902531	0.27517905896403255	0.319241222959388	0.3161115751969056	0.3256983973406627	0.31867544293396555	0.31937722721906603	0.27519568453888105	0.27519568453888105	0.24673552210054991	0.2665933015717288	0.2743807292584485	0.28743759709508376	0.2849820464883065	0.29777155124087057	0.30496995541683897	0.300373833734946	0.3059241353968392	0.30151256868883247	0.30125930500346987	0.29849889159338777	0.3004748740228492	0.30158631718978407	0.30128319632607453	0.3013769857552433	0.30591076461984257	0.29762718836674057	0.3096318479493204	0.3002683998628575	0.28959283527251944	0.2993441945370156	0.29805838678860097	0.2988571345844362	0.3147582319944632	0.2867233265520902	0.28382012867662015	0.30643474761450845	0.29495756829723047	0.3009970021761626	0.3188337811356094	0.2942063193297613	0.31925727673613213	0.3091698501014141	0.29827948404117044	0.28013195686085784	0.2796492954185777	0.30779263021880926	0.3118914005309104	0.3278205279777148	0.3105599291861691
G1-131	0.24953098379250857	0.31696355996737696	0.17886596206180563	0.15535249899513928	0.0	0.1696806768253391	0.17576698150312062	0.21468485316494268	0.029739443943604057	0.3138224780853553	0.1282561147672532	0.30786304857746216	0.3371132254158611	0.3372058623958603	0.2155664488192116	0.2987587522889729	0.2161080843214162	0.33668600686281014	0.3398970074658388	0.1414913506722726	0.26741469218443126	0.2671251887124071	0.3133208210651841	0.2263392503223722	0.2339428839880323	0.21082137586379085	0.2037711040146822	0.1650326505283975	0.1605661398005732	0.18130754876596566	0.17452278300836027	0.13148886936118198	0.1527657130215863	0.1528667533094895	0.1538771561885212	0.15181426458321864	0.15221842573483135	0.1509918111679313	0.15161218400741233	0.15129493203164082	0.25779207720876823	0.113148824749851	0.14398683078459212	0.16199805638561346	0.19401300492143383	0.14000890031588054	0.12928150221749185	0.12566683927041875	0.3370664895516666	0.3103163438908561	0.34154765815245897	0.34332233513122135	0.3362398723220302	0.34534058128531797	0.31898636133053365	0.21061911032579508	0.31633978549081093	0.2709022247118698	0.32560983978749175	0.31614808059362254	0.31651984492057705	0.2106357359006436	0.2106357359006436	0.13396008394868436	0.20100553104434415	0.13263819948197628	0.13830755591047778	0.14043078859328695	0.15042249622113224	0.15762090039710056	0.15306883388529582	0.15857508037710102	0.15416351366909425	0.15391024998373157	0.15119389174373762	0.153169874173199	0.15428131734013387	0.15397819647642438	0.15410512392619707	0.15860576477019236	0.24441187806885542	0.20030502450764287	0.23257198487345962	0.19922533431986753	0.24440600034746776	0.14933857142012302	0.14520671137233385	0.2947264458684569	0.22177545239179924	0.2192161250182945	0.28554779722679013	0.2500617850530251	0.14714755932203932	0.31440281058284164	0.23329495574068004	0.3180286410630276	0.22882651362151987	0.15858392454475054	0.2500140523421543	0.23149086903859198	0.28263460944958463	0.28549034625792685	0.3284831800654194	0.28107986690017545
G1-132	0.25936093496844304	0.32280180644052847	0.1837640286242151	0.015256632966678766	0.1696806768253391	0.0	0.28221231861323054	0.2832644190489935	0.183227959561811	0.3286164230637219	0.29030519407484323	0.3292311559984144	0.33709126017164237	0.3372530502137094	0.3232144195052543	0.33039877374046456	0.28917616011990543	0.3345721663177914	0.33761123166983764	0.19294695574607873	0.2639197314616698	0.32734747660199903	0.3299710818233419	0.3226666458349331	0.31706036309440255	0.32012169327232365	0.30761683563798553	0.32090668448268717	0.3205191402644136	0.3226189799418273	0.2958693897322202	0.2918316903054502	0.312762768655515	0.3128638089434182	0.31387421182244984	0.3118113202171473	0.3122154813687601	0.31098886680185994	0.31160923964134096	0.3112919876655695	0.31000387381515526	0.268616753858614	0.3016344008707071	0.32127122909786204	0.2713086084307665	0.29571317611957576	0.2877826920153718	0.28120107463150573	0.33499670417673616	0.3303899382849162	0.33947787277752856	0.34108061450530835	0.33628706013987925	0.34275499015743954	0.3264632792251881	0.2809744593398259	0.32849008481561937	0.3287155206410078	0.3328637207720305	0.3288481651458827	0.3286701442453856	0.28099108491467445	0.28099108491467445	0.2586540872202823	0.2764944027360158	0.2889079267306694	0.30269422991176254	0.30023867945498534	0.31041955185506087	0.31757390086094106	0.3130658895192245	0.3185280808409414	0.31411651413293473	0.313863250447572	0.3111909473776663	0.31316692980712774	0.3142783729740625	0.31397525211035304	0.3141684556013338	0.318669096445329	0.3097782943358918	0.322323903733599	0.3126189085108239	0.3017437497232738	0.311827765712554	0.30997695205833337	0.3121283129069814	0.32783013585826315	0.29073834570533663	0.2876300745582799	0.31050473908732723	0.30701156267023877	0.3136701006823327	0.3288538446766204	0.30687941783593137	0.3278514087327515	0.3218429486075842	0.31026720237297084	0.293403135183403	0.2929204737411229	0.32099766072021607	0.3251625788534556	0.3271699232403165	0.3238311075087142
G1-135	0.2442693434246004	0.2553166966047769	0.22890766432764878	0.2701805451113422	0.17576698150312062	0.28221231861323054	0.0	0.15366297761722467	0.14811107598438011	0.24980020606079179	0.12739777500354524	0.24377411727489665	0.27339240550961824	0.2734850424896174	0.18296623598171857	0.2350379323827299	0.12470727136919209	0.27314918417599554	0.27617618755959583	0.19299406153136936	0.2691549279972772	0.20813972628034524	0.24953297043911127	0.1873297949288482	0.19179882260186584	0.17919368199719632	0.17482889051109643	0.15805690446000428	0.15019125497422095	0.16792713293824602	0.1701872983025652	0.13244688397295948	0.14526802188379584	0.14347171771774178	0.12550867620720077	0.14621391789938548	0.13902870123516908	0.15487818675388448	0.14980652623149368	0.1494892742557222	0.20380003356278611	0.1231825021106125	0.15304781366973208	0.15502231031722022	0.07593372989271362	0.14717253889706328	0.1413790342282587	0.14372267805200828	0.2733456696454237	0.2465955239846132	0.277826838246216	0.2796015152249784	0.2725190524157872	0.281619761379075	0.2547307818329633	0.08857903522419965	0.25208420599324055	0.21048919818865078	0.26138758992892236	0.25242614666189583	0.2525984901675864	0.08856240954935111	0.08856240954935111	0.08887246242955119	0.07896545594274872	0.12525005818224091	0.1515286139460479	0.1499029000840858	0.14861683859521363	0.13384999538566011	0.13987910938563358	0.14078893523215485	0.12579503578777382	0.11415770447866752	0.15128557842177628	0.1380828052195795	0.1183234597429844	0.1237123720911467	0.11451884227934402	0.15229771341233658	0.1565489833303618	0.17560086641876682	0.15673409684835965	0.09489382120440976	0.16568584339192485	0.11090126143601856	0.12191481636496572	0.23113554034352096	0.07653288130568457	0.052175088625299994	0.19414439055009125	0.15098475178180465	0.14355355125884595	0.25094773269494886	0.1925222391718023	0.25430782115678474	0.18637802441604515	0.14147699391599944	0.20961580240563701	0.19776372104024775	0.22081931983162525	0.22269930286573483	0.2668755670947543	0.21828882350798343
G1-136	0.09276532896503262	0.12306714802785723	0.10311212851138116	0.2707780982609573	0.21468485316494268	0.2832644190489935	0.15366297761722467	0.0	0.18548851318278384	0.11941409653333582	0.0962064941762006	0.11378889157002235	0.14410706320350886	0.14419970018350806	0.06260292876634872	0.10678420158251653	0.04977821378915064	0.14354767914019345	0.14675867974322204	0.20126925257578746	0.2630782672971181	0.08308425679286051	0.12004880334473554	0.06430481916424968	0.06338870468617834	0.059510202533418204	0.04913639398775107	0.10287304029222018	0.12195254234024203	0.08108190931579785	0.08500145226030976	0.21296582544120443	0.23785336079009486	0.23605705662404078	0.21809401496349978	0.23879925680568448	0.23161404014146814	0.2474635256601835	0.24239186513779268	0.2420746131620211	0.07119013598549799	0.19900049254076385	0.24350695976835462	0.11085264955753536	0.2173271975985213	0.2375857350172233	0.22396321725114757	0.2230736335291532	0.14406032733931443	0.11731018167850392	0.1485414959401068	0.15031617291886915	0.14323371010967792	0.15233441907296574	0.12524490468010618	0.2339333030028826	0.12065928963217852	0.0871619580086277	0.1297971784185949	0.12274084938777477	0.12331314786147707	0.23394992857773111	0.23394992857773111	0.1523959093796942	0.22431972372143164	0.21484952802595028	0.24456678880941013	0.2421112382026328	0.24120217750151254	0.15875900413664507	0.23246444829193258	0.14250339408319818	0.21824820918380833	0.20471353357074476	0.24387091732807525	0.23066814412587847	0.21090879829928338	0.21629771079744564	0.2064462386096637	0.11277664606564924	0.036825031276684926	0.06337208648432367	0.03841303109067442	0.07640647158124916	0.0386555723782818	0.17189068106469055	0.16276032237456817	0.09975067130217907	0.11017917932874016	0.16270968886891207	0.07376899051078943	0.04194933908962747	0.11183223119601442	0.12135259320040133	0.05928054125652213	0.12497842368058724	0.06542621176371756	0.08529955303077268	0.0604568433255624	0.05122283591139171	0.08929738949330897	0.0923515697650658	0.1353448523428027	0.08794109040731433
G1-138	0.2275410415952715	0.2948073531119289	0.16211870222230199	0.17115213088983441	0.029739443943604057	0.183227959561811	0.14811107598438011	0.18548851318278384	0.0	0.2917995897859112	0.11096339132475046	0.2857735010000161	0.3149798083392409	0.31507244531924006	0.1934330317425913	0.2766253352123527	0.18647954049681625	0.3145966449562781	0.3178076455593067	0.13405601903934278	0.24345278380810945	0.24533560768596993	0.2911646142097361	0.2046165142448509	0.21222014791051103	0.1886879587871705	0.18241230827349075	0.15439296231851474	0.1519659348454658	0.16426319079675655	0.1523665761529122	0.12291145418490242	0.14608564224926396	0.14428933813320988	0.14529974101224155	0.1470315382648536	0.14364101055855177	0.15569580711935255	0.1506241465969618	0.15030689462119026	0.23643328146757686	0.10689097357612527	0.1585997687543963	0.1527180236789143	0.18914802272900835	0.15276854915181567	0.136305062221467	0.13842648810635386	0.3149330724750464	0.2881829268142359	0.3194142410758389	0.32118891805460115	0.3141064552454099	0.3232071642086978	0.29678609930499744	0.2057541281333696	0.294183578635363	0.24874601785642186	0.30345363293204375	0.2942477853190953	0.29431958289504107	0.2057707537082181	0.2057707537082181	0.1063710252788598	0.1961405488519187	0.13975601070380078	0.15292049388028198	0.15504372641309108	0.1494785141307699	0.1490206954419932	0.14449141870901622	0.14997487542199364	0.14563015436290275	0.14537688997754014	0.15210319878724435	0.14459245899691942	0.14570390216385426	0.14540078130014472	0.1455939847911255	0.15009462563512077	0.21511573534060766	0.17817160743102262	0.2033096829410766	0.1718691974862559	0.21534265313536308	0.13532217001897312	0.13741223612649459	0.27303570263693316	0.19415268489366275	0.19162706444846989	0.2558083532831861	0.22043267232071728	0.13882165850205166	0.29241305425651865	0.21120559383414797	0.2959392791564956	0.20673715171498772	0.13433170898392469	0.22865525660096297	0.2101320732974006	0.2610773702449787	0.26413155051673554	0.3063938181588874	0.2597210711589841
G1-139	0.0702582705975322	0.013147142203410156	0.16074835671464163	0.3179494781733262	0.3138224780853553	0.3286164230637219	0.24980020606079179	0.11941409653333582	0.2917995897859112	0.0	0.18974492040552887	0.007576641092756993	0.027333662017656253	0.02760752252745198	0.10092224163074504	0.020828755833920905	0.14634714737156268	0.028034802594672673	0.030687834472355954	0.30884982099259256	0.3041544734757402	0.05234018232907168	0.0033812959511760467	0.09318508996366005	0.10491034892807492	0.10416160413400732	0.1145886915703322	0.16670437072283406	0.18660880193667492	0.14484944357263058	0.16307130829977898	0.29445551322919056	0.3020811877515022	0.30028488358544814	0.2823218419249071	0.3037124639414616	0.2965272472772453	0.3113412089776931	0.30730507227356985	0.30595229647953076	0.05895386251503954	0.28600969326591374	0.3111166912394916	0.1761530444767324	0.2978674023493108	0.30565573210455904	0.3036571969552975	0.30514783396467204	0.028281306601896455	0.007538507200671606	0.03174185849784698	0.033447382414541406	0.026641531853621843	0.036081855680939856	0.009043342725158224	0.31011522368327177	0.0061703543608521705	0.06085712578195811	0.013189603168023796	0.004973915633943224	0.005439532436835678	0.31013184925812026	0.31013184925812026	0.2558248318708462	0.2998971881053388	0.3042084950248843	0.31160223620119193	0.3081380536348573	0.30576524099339203	0.22259033456725896	0.29669227525333985	0.20637877968390017	0.2819914292742459	0.26936240968599295	0.30774860064558485	0.2948959710872858	0.27513662526069066	0.280525537758853	0.270773479632883	0.17775612839263433	0.10233726322153575	0.12638794651614355	0.11843719597311866	0.16620349517789124	0.09687448551302613	0.24792668912369645	0.2304375343176216	0.020686699059944663	0.18850890473475315	0.2388590980965116	0.07060499570416809	0.10073999453024621	0.18007048085455385	0.005784960717157498	0.09319807427924218	0.01064912788373685	0.13408694206844152	0.16224883272817517	0.06826192378388204	0.08443419506263274	0.03779482179012185	0.03151019161833957	0.024253309388098797	0.034331019589843574
G1-14	0.17280724973773484	0.19293005745763878	0.1625522101611534	0.27791879860548285	0.1282561147672532	0.29030519407484323	0.12739777500354524	0.0962064941762006	0.11096339132475046	0.18974492040552887	0.0	0.18378549089763577	0.2135689029397948	0.21366153991979397	0.09202212634314529	0.1752144298129066	0.08831931528886655	0.2130095188764794	0.21622051947950796	0.20822892071785992	0.2678271277234858	0.14311429056058264	0.18951064308102147	0.10272942181404335	0.11033305547970353	0.08727705338772453	0.08022729470742175	0.04616972392372474	0.04170321524590042	0.05764111999179815	0.06368582125423512	0.12662680546578456	0.1463793435041526	0.14458303933809852	0.12661999767755755	0.1473252395197422	0.14014002285552585	0.15598950837424122	0.15091784785185042	0.15060059587607885	0.13438043341177228	0.11935660539267323	0.15819280033409985	0.0431351311809407	0.19917051242615763	0.1522734703913429	0.13942068551411219	0.14189220941875624	0.21352216707560043	0.18677202141478988	0.21800333567639277	0.2197780126551551	0.21269554984596384	0.22179625880925172	0.19504096916097177	0.21577661783051888	0.19239439332124905	0.1468246670320435	0.20153228210766544	0.1922026888240607	0.19277498759776301	0.2157932434053674	0.2157932434053674	0.11198582215628945	0.20616303854906795	0.14273188798526518	0.15251352545998548	0.1546367579927946	0.1497281602155703	0.06728498685070278	0.14099043100599032	0.05109622174617184	0.1267741918978661	0.1132395162848025	0.15239690004213297	0.13919412683993623	0.1194347810133411	0.12482369351150342	0.11497222132372147	0.04027607336927968	0.11660088816518595	0.07676070203157659	0.10480505013987837	0.0713702892461099	0.11670572469188854	0.08178742412748786	0.06685365785130605	0.17058261214742257	0.09391983861033372	0.14455300369654842	0.15762381390884128	0.12196005666715627	0.02900636982922203	0.1908144329366873	0.11493746228430009	0.1944402634168732	0.10515002563518905	0.03192718837745074	0.1375334236733079	0.11932072771868041	0.15895850450004784	0.16194653695066644	0.20480669207908866	0.15753605759291503
G1-140	0.07148821875863422	0.01970156779280336	0.15861044900396595	0.3165580574922444	0.30786304857746216	0.3292311559984144	0.24377411727489665	0.11378889157002235	0.2857735010000161	0.007576641092756993	0.18378549089763577	0.0	0.032681077531025976	0.0329549382908217	0.09403928606272433	0.013945800015900199	0.14208577008300366	0.034941670544771014	0.0375947026224543	0.3034501364500892	0.3026310404294914	0.04558327044151733	0.006359517457586778	0.08574151197082078	0.09880711459735221	0.09861899222810318	0.10959609883982513	0.15928499423232131	0.17956770536083003	0.13802862284722645	0.15725660649191175	0.2882192169985501	0.29457370092081314	0.292777396754759	0.27481435509421803	0.29620497711077254	0.2890197604465562	0.3051740658091205	0.2997975854428807	0.2997851533109582	0.053961269484532455	0.2798400563132753	0.30416706171337965	0.168979782390623	0.2958554978470757	0.3000464462405637	0.29804791109130224	0.2995385481006767	0.03496906542738273	0.007411062883580586	0.0370892736612167	0.038794797577911114	0.03198894701699157	0.041498423906377487	0.014901005910146701	0.3069871159543772	0.012053896323676167	0.0548233158494788	0.018256000442118704	0.010390212523205357	0.010988849055080003	0.30700374152922577	0.30700374152922577	0.25001013006297895	0.2977592803946631	0.2989075557276331	0.30599295033719665	0.30196841668221885	0.29959809782481944	0.2151709580767462	0.2891847884226509	0.1989153480232993	0.27466016312390945	0.26185492285530393	0.3015814574770123	0.28738848425659674	0.2676291384300017	0.27301805092816395	0.263265992802194	0.1702486415619453	0.0951019998466781	0.1188804596854545	0.11120193259826099	0.15876266742520417	0.09005963912264123	0.24063947814344816	0.22348790479150965	0.014071294178412385	0.1863709970240774	0.2370736317465412	0.0687480784753222	0.09713160498362491	0.17439453571255642	0.010793478266604567	0.08752212913724484	0.01565764543318391	0.12871691575753097	0.15523254392406122	0.06326933105337498	0.07909145868822791	0.03269944617070005	0.025265365015892237	0.030807734977491855	0.028071521338657843
G1-141	0.08962977613124296	0.0213900610195495	0.17339288776224113	0.3368531708489484	0.3371132254158611	0.33709126017164237	0.27339240550961824	0.14410706320350886	0.3149798083392409	0.027333662017656253	0.2135689029397948	0.032681077531025976	0.0	0.00027386075979572743	0.12154677659664956	0.03991995803475351	0.16967155525184371	0.009743511171217746	0.008671007703054399	0.33247768034443004	0.3175192704544256	0.07812604114840745	0.027905594825350415	0.11708412237235886	0.13033208629311427	0.1269921368398658	0.13792127560186462	0.19143288146680526	0.21191612744206173	0.1703770449284582	0.18953818362422756	0.31907804986192106	0.32550168684625197	0.3237053826801979	0.3057423410196569	0.3271329630362114	0.319947746371995	0.3361020517345595	0.3307255713683196	0.3307131392363971	0.08240776486924146	0.3107272312475153	0.3333731833816904	0.20128414930176655	0.31612079315793623	0.3297889591199653	0.32725403275961307	0.32883278010916384	0.003925113010311354	0.02689637562369063	0.006145489830676637	0.0079205041283618	0.0008733550938309409	0.010424467921611178	0.023418932205760228	0.3213907391083418	0.029284482824194196	0.08602807719311559	0.01938083926129432	0.02303319590580428	0.023645397189520054	0.3214073646831903	0.3214073646831903	0.28142272285938774	0.31599370345240535	0.32784938599928787	0.33531114222323616	0.3328555916164588	0.33057013892034653	0.24691777561773454	0.32011277434808966	0.23079585546211948	0.30607275592031813	0.2932234604816244	0.3325094434024512	0.3183164701820356	0.2985571243554405	0.3039460368536028	0.2942939673446358	0.20124328656538615	0.1261232350995569	0.14980844561089335	0.1421791124810517	0.19012163236617696	0.12061640242095911	0.27205207093985684	0.2528826720681921	0.04469785235251601	0.20118318085657597	0.2519618617714755	0.08341908142495047	0.12268581480830748	0.2035661746961268	0.022754472803107537	0.11704620948152046	0.019128642522921607	0.1578910221006316	0.18458040358798422	0.09177686910963849	0.10750470616657071	0.061611932894878076	0.05386101341233204	0.011103936573283379	0.05724833893336482
G1-142	0.08972241311124216	0.021482698499548692	0.17355467780430822	0.33701496089101546	0.3372058623958603	0.3372530502137094	0.2734850424896174	0.14419970018350806	0.31507244531924006	0.02760752252745198	0.21366153991979397	0.0329549382908217	0.00027386075979572743	0.0	0.12163941357664876	0.03964609727495779	0.16976419223184291	0.009905301213284859	0.008832797745121515	0.3325703173244292	0.3176810604964927	0.07839990140820317	0.028179455285146145	0.11735798263215459	0.13060594655291	0.127084773819865	0.13801391258186382	0.19170674172660096	0.21218998770185749	0.1706509051882539	0.1898120438840233	0.31935191012171676	0.3257755471060477	0.32397924293999364	0.30601620127945267	0.3274068232960072	0.3202216066317907	0.3363759119943552	0.33099943162811535	0.33098699949619287	0.08268162512903719	0.3109319384452431	0.3334658203616897	0.2015580095615623	0.31639465341773193	0.32999366631769306	0.32734666973961224	0.32892541708916295	0.004086903552378466	0.026955847904127927	0.006307280372743749	0.008082294670428912	0.0009659925738301277	0.01058625846367829	0.023692792965555955	0.3215525291504089	0.029558343333989923	0.08630193745291133	0.01965469977109005	0.02330705666560001	0.023919257949315785	0.3215691547252574	0.3215691547252574	0.28169658311918344	0.31626756371220105	0.32794202297928704	0.33551584942096396	0.3330602988141866	0.33084399918014223	0.2471916358775303	0.32038663460788536	0.2310697157219152	0.30634661618011383	0.29349732074142015	0.3327833036622469	0.3185903304418313	0.2988309846152362	0.30421989711339853	0.29456782760443156	0.2015171468251819	0.1263970953593526	0.15008230587068908	0.14245297274084742	0.19039549262597272	0.12089026268075484	0.27232593119965254	0.2529753090481913	0.044790489582515206	0.20134497089864314	0.25212365181354257	0.08358087146701759	0.12277845178830668	0.203658811676126	0.022847110283106726	0.11713884646151966	0.019221280002920792	0.15798365908063083	0.18478511078571203	0.0919386591517056	0.10759734314656991	0.06170457037487726	0.05402280385439916	0.011265727115350491	0.057340975913364005
G1-143	0.10007544073705248	0.11043741374285918	0.15271776957993513	0.31045321065890785	0.2155664488192116	0.3232144195052543	0.18296623598171857	0.06260292876634872	0.1934330317425913	0.10092224163074504	0.09202212634314529	0.09403928606272433	0.12154677659664956	0.12163941357664876	0.0	0.08319230346976136	0.0976223813304572	0.12585019342715223	0.12857237691690346	0.24562549701161546	0.2960881249694149	0.053601398148678064	0.09939706963344332	0.012815454458643176	0.03344299514958184	0.005445360943216269	0.02806609607203475	0.0747697363705712	0.09525298234582769	0.05371389983222413	0.0728750385279935	0.202414904765687	0.20883854175001798	0.2070422375839639	0.1890791959234229	0.21046981793997738	0.20328460127576098	0.21943890663832535	0.21406242627208555	0.214049994140163	0.056784823669709265	0.19765577833817338	0.21990736358122506	0.08462100420553254	0.25636970031802436	0.21643710434560284	0.21103724894342543	0.21553889555968114	0.12409315399634674	0.0947498950716446	0.12618019753061888	0.12788854511025743	0.12090557639975187	0.13052584203960002	0.10792249550535919	0.2660444055948539	0.1053199748357246	0.05753883965755299	0.11165275921675	0.10251357038180352	0.10347557905896501	0.2660610311697025	0.2660610311697025	0.1723318307831652	0.2580493424301545	0.2164467892106143	0.21521828872532955	0.2173415212581387	0.21390699382411246	0.1302546305215005	0.20344962925185567	0.11413271036588546	0.18940961082408406	0.17656031538539033	0.21584629830621715	0.20165332508580155	0.18189397925920647	0.18728289175736879	0.17763082224840182	0.08458014146915213	0.05069274122561845	0.033145301014659324	0.05692689351493093	0.10333926327735607	0.04000734234769886	0.15538892584362274	0.13133589547154256	0.08140070913134864	0.1458368473430881	0.19661552825798762	0.08097584922562762	0.05594397183393575	0.08201939809947728	0.1006781418914491	0.03521092031744595	0.10540899070202449	0.06119265777159318	0.06314569720906331	0.06488714012676161	0.04594500882767615	0.0741486451813146	0.07242971206223509	0.12151858871734604	0.06938999305322324
G1-144	0.07310759640103198	0.03034392739603505	0.1599021238151456	0.3176375648941181	0.2987587522889729	0.33039877374046456	0.2350379323827299	0.10678420158251653	0.2766253352123527	0.020828755833920905	0.1752144298129066	0.013945800015900199	0.03991995803475351	0.03964609727495779	0.08319230346976136	0.0	0.13657347702771944	0.04575670848032812	0.048478892520079316	0.2960582621847218	0.3032724792046252	0.04147415866681021	0.01930358433661921	0.0804322412907616	0.09368020461151703	0.08863766411297765	0.1033493779965946	0.154780998985208	0.17526424496046447	0.1337251624468609	0.1528863011426303	0.2824261673803238	0.28884980436465474	0.2870535001986007	0.2690904585380597	0.2904810805546142	0.28329586389039774	0.29945016925296214	0.29407368888672236	0.2940612567547999	0.04781152976593852	0.2734529712073068	0.29519064550578494	0.1646322668201693	0.29482613112645756	0.29182316845907735	0.2888995596327249	0.29082217748424094	0.04373300082733626	0.013290249033249303	0.045953377647701535	0.04772839194538671	0.04061208984878792	0.05023235573863608	0.027829009158535072	0.30450083640328723	0.025226488488900505	0.049376195461518314	0.03155927301992593	0.022420084034979408	0.023382092712140902	0.3045174619781358	0.3045174619781358	0.24477084037779037	0.2965057732385878	0.2917300711351741	0.2970687393140765	0.29461318870729925	0.2939182564387493	0.21026589313613722	0.2834608918664925	0.19414397298052224	0.26942087343872084	0.256571578000027	0.295857560920854	0.28166458770043834	0.26190524187384323	0.2672941543720056	0.2576420848630385	0.1645914040837889	0.09162249617819669	0.11315656332929609	0.10676061646643105	0.15346974988457968	0.08550625407308265	0.2354001884582596	0.21452819894130387	0.008062734985454258	0.18429327815152136	0.23507195906642084	0.06652918211989582	0.09440040234236902	0.16521170156923864	0.02058465554462499	0.07869173715463229	0.02531550435520038	0.12240367346616012	0.14633800067882466	0.05727412686643635	0.07241700480835275	0.025836492732729508	0.019358272969129918	0.04142510237052196	0.021472898271216272
G1-15	0.12998775722543957	0.14908363581928558	0.11482027778536885	0.2771884417881051	0.2161080843214162	0.28917616011990543	0.12470727136919209	0.04977821378915064	0.18647954049681625	0.14634714737156268	0.08831931528886655	0.14208577008300366	0.16967155525184371	0.16976419223184291	0.0976223813304572	0.13657347702771944	0.0	0.16758996226908815	0.1715765316168657	0.21325631403624223	0.26062011143071856	0.12004532173850807	0.14643768682028593	0.10008089304553601	0.09883672737461695	0.09349968370203712	0.08030089249903224	0.09325163210652669	0.11373487808178319	0.08357986139192325	0.08722324020218943	0.20779047301485376	0.22789315469711957	0.22609685053106546	0.20813380887052446	0.2288390507127092	0.22165383404849284	0.2371531759233104	0.2324316590448174	0.23176426342514808	0.10660982168668262	0.19556156819749898	0.23482274427001426	0.10323506545175251	0.1773517998478981	0.22855137587498522	0.2184514498218511	0.2180000744597903	0.16927467574375152	0.1447860900551166	0.1741059879884417	0.17588066496720403	0.16879820215801275	0.1778989111213006	0.15119454752261857	0.1943080488961571	0.14854797168289582	0.12283664196347074	0.1580252785821228	0.14941228492870387	0.14872803111266197	0.19432467447100563	0.19432467447100563	0.1332372795595746	0.18469446961470617	0.20495549262879892	0.23553242966717197	0.23307687906039468	0.23089182776463954	0.148736526257456	0.22250424219895726	0.1326586612719291	0.20789150656003957	0.1944889964572405	0.2335605675912022	0.22070793803290317	0.20094859220630804	0.20633750470447032	0.19590986645075434	0.10294937439188385	0.05096148297842947	0.08542591023681126	0.053458117480240784	0.04158469647486536	0.06330260544189964	0.15222715380393376	0.1542441226163396	0.1321524429201325	0.07055507222027115	0.12268793823139322	0.09034077644408282	0.04806052477635631	0.10186764621948095	0.14748874609817314	0.09945628904822994	0.15054291572892214	0.07934372920453207	0.0731930752133768	0.10536734987681537	0.09733207805551598	0.12307185258457387	0.12772490257935476	0.16064795247629174	0.12331442322160327
G1-177	0.0884582151203084	0.020524591082424475	0.17061193024739182	0.33602335477510553	0.33668600686281014	0.3345721663177914	0.27314918417599554	0.14354767914019345	0.3145966449562781	0.028034802594672673	0.2130095188764794	0.034941670544771014	0.009743511171217746	0.009905301213284859	0.12585019342715223	0.04575670848032812	0.16758996226908815	0.0	0.007078543942541978	0.32907344952664597	0.3111392594197277	0.07882574403095853	0.029373193727508594	0.11967819756870081	0.12860574457735166	0.127749212268298	0.1368355272142988	0.19360536224037395	0.2140445530455423	0.17228519468149794	0.1865767207668776	0.31644667701125817	0.3282468848309668	0.32645058066491267	0.3084875390043717	0.32987816102092626	0.32269294435670987	0.3375069060571576	0.33347076935303444	0.3321179935589953	0.0810421859022259	0.30940570715058785	0.33614461727281253	0.2035887955855998	0.31466096293687285	0.33124400922652303	0.32464889581535744	0.3273110754543314	0.0076838252984749835	0.03246645979707881	0.010464549442833704	0.012239226421596052	0.008939311139454715	0.014942852750062427	0.02214310190412536	0.32180843403766546	0.028070081428597436	0.087250012461061	0.021905763645568326	0.025778396590519077	0.025050254212118296	0.32182505961251395	0.32182505961251395	0.2770732545346747	0.31774870141890127	0.3292364210582052	0.33685430266997013	0.3343987520631929	0.33193093807285656	0.24909025639130322	0.32285797233280455	0.2330123914057764	0.30815712635371045	0.2955281067654575	0.33391429772504955	0.32106166816675036	0.30130232234015525	0.3066912348383176	0.29626359658460155	0.203988484550101	0.12796069882925826	0.15177807485085917	0.14406063138084121	0.19182693058561384	0.12249792132074859	0.273316817458412	0.25556599561913784	0.04698468052266831	0.1993120895588449	0.25024392226028813	0.08150623287393877	0.12536913835925328	0.20352475575275125	0.02543779895405325	0.1139564656662951	0.021811968773867315	0.155241307340345	0.18637995276146882	0.089500125573309	0.10698937727334348	0.05996057756561223	0.05561307845142803	0.008202832797390725	0.0593589457231645
G1-178	0.09201936026723474	0.02442097350982291	0.17235574699069295	0.33906242012715154	0.3398970074658388	0.33761123166983764	0.27617618755959583	0.14675867974322204	0.3178076455593067	0.030687834472355954	0.21622051947950796	0.0375947026224543	0.008671007703054399	0.008832797745121515	0.12857237691690346	0.048478892520079316	0.1715765316168657	0.007078543942541978	0.0	0.334064584255785	0.3169110979840561	0.08093115513947549	0.03202622580519187	0.12240038105845201	0.13284428141744187	0.13082153945194697	0.14073190799169724	0.19625839266805725	0.21669758347322554	0.17493822510918122	0.19146043398399812	0.3215295075316819	0.33089991525865003	0.32910361109259606	0.31114056943205504	0.3318458112742397	0.32466059461002333	0.3401599364848409	0.3354384196063479	0.3347710239866787	0.08563885561741984	0.3133169950414121	0.33886680076256376	0.20624182601328306	0.3185030977656291	0.33328081254190445	0.33041710651015094	0.33122236334515565	0.005431276767112838	0.03518864463683001	0.0063202090302922525	0.0071223670381561615	0.007866807671291373	0.00914061319225273	0.02648662133782296	0.3223780534933194	0.03230811568616876	0.09062723584159567	0.024558795173251605	0.02843142866820236	0.027703286289801572	0.32239467906816793	0.32239467906816793	0.28248337236443577	0.31971635167221485	0.3312732243735866	0.33957648615972136	0.3371209355529442	0.33389858832617014	0.2517432868189865	0.3255110027604878	0.23566542183345968	0.31081015678139384	0.297495757018771	0.3365673281527327	0.32371469859443375	0.3039553527678386	0.3093442652660009	0.2996921957570339	0.2059561348034144	0.1307039178273207	0.15452129384892166	0.14680385037890364	0.19457014958367624	0.12524114031881112	0.2760600364564745	0.258288179108889	0.049706865112419514	0.19988170906449887	0.2508135417159421	0.08207585392959273	0.12740594167463465	0.2059117027620304	0.02815998409380446	0.1190392961867188	0.023848773739248715	0.1599281639759181	0.18919232482159917	0.09341141346413315	0.11088575805074191	0.06455473379497517	0.05833526359117923	0.012114122338214859	0.06139575068854587
