	G1-11	G1-12	G1-13	G1-130	G1-131	G1-132	G1-135	G1-136	G1-138	G1-139	G1-14	G1-140	G1-141	G1-142	G1-143	G1-144	G1-15	G1-175	G1-176	G1-177	G1-178	G1-180	G1-182	G1-187	G1-188	G1-189	G1-190	G1-192	G1-193	G2-1100	G2-1101	G2-1102	G2-1103	G2-1104	G2-1105	G2-1106	G2-1107	G2-1108	G2-1109	G2-1110	G2-1111	G2-1113	G2-194	G2-197	G2-198	G2-199	G2-21	G2-210	G2-211	G2-212	G2-213	G2-214	G2-215	G2-216	G2-217	G2-218	G2-219	G2-22	G2-220	G2-221	G2-222	G2-223	G2-224	G2-23	G2-24	G2-25	G2-26	G2-27	G2-28	G2-29	G2-313	G2-314	G2-315	G2-316	G2-317	G2-318	G2-319	G2-320	G2-321	G2-322	G2-323	G2-324	G2-325	G2-326	G2-327	G2-328	G2-329	G2-330	G2-413	G2-414	G2-415	G2-416	G3-417	G3-418	G3-419	G3-420	G3-421	G3-422	G3-423	G3-424	G3-425	G3-426	G3-427	G3-428	G3-429	G3-430
G1-11	0.0	0.0857168369843	0.14959541777877972	0.005921704586366233	0.005921704586366233	0.0	0.09557820035948077	0.12160091138053271	0.005921704586366233	0.16857872595853043	0.38822465003775225	0.08641940991028585	0.08743035142882256	0.08743035142882256	0.17155193098884566	0.08450360720468962	0.07785411177226952	0.48344514180915915	0.5827767791289332	0.3901496423728279	0.10361252789461922	0.3575582350930331	0.49077921314207246	0.07554969583633148	0.08110056285195238	0.1683953931510024	0.5882430986028834	0.08743035142882256	0.15336700999092337	0.08474809869107368	0.08474809869107368	0.08474809869107368	0.33936515859711097	0.33920568147282953	0.09447601166461783	0.09447601166461783	0.09447601166461783	0.09447601166461783	0.09447601166461783	0.09447601166461783	0.09447601166461783	0.09447601166461783	0.1609234165825319	0.16443195953452455	0.2461093522307678	0.08474809869107368	0.2717329287353924	0.17790769970078674	0.4256640053847765	0.2542969153303138	0.09632353683865968	0.17155193098884566	0.26959689945271975	0.08743035142882256	0.17888770929984665	0.08743035142882256	0.1720780162820646	0.19786323355575486	0.16638033214269857	0.32911211280326497	0.08449077133477505	0.0883439714933443	0.08568891853823006	0.20564131725962986	0.1990048354991873	0.3516911311825708	0.03143237762266389	0.17790769970078674	0.31553600698486517	0.19409721690130388	0.08478119367434038	0.08474809869107368	0.09061158965586882	0.08474809869107368	0.09061158965586882	0.09061158965586882	0.09447601166461783	0.09447601166461783	0.09447601166461783	0.09447601166461783	0.08864561568308939	0.02852558380272808	0.08407167488813837	0.09586532299945726	0.08407167488813837	0.08407167488813837	0.25895716040824873	0.09224705594500643	0.07461466082863019	0.10582182028090703	0.00885735749322397	0.014689738944277218	0.1017812105369247	0.0029299690552110095	0.17446788470083122	0.11787921415277434	0.2621729163705172	0.07250423916174843	0.15831163338415474	0.07531901097682431	0.24077317697659079	0.06071691261331345	0.15336700999092337	0.06071691261331345	0.15602988060455955	0.06663861719967969
G1-12	0.0857168369843	0.0	0.21395788544957067	0.09163854157066623	0.09163854157066623	0.0857168369843	0.1684624826750529	0.19689450286688526	0.09163854157066623	0.12307379437381423	0.43712336845165883	0.042766540367795	0.035114261659249066	0.035114261659249066	0.1300819003183752	0.031967673430410196	0.1477018536391347	0.49480752865304006	0.5615974249039556	0.37538553374557126	0.17163655067779543	0.3303751716438298	0.5192909575173381	0.036802635781544905	0.03680263128687301	0.13384296502189158	0.6105197970337133	0.035114261659249066	0.12801954683321837	0.027623097492343766	0.027623097492343766	0.027623097492343766	0.31304834486893846	0.38616655185972554	0.02990177014052281	0.02990177014052281	0.02990177014052281	0.02990177014052281	0.02990177014052281	0.02990177014052281	0.02990177014052281	0.02990177014052281	0.13625151547116052	0.1330341111966819	0.2168923780217049	0.027623097492343766	0.32485485490780797	0.2568212786915892	0.4153555182784037	0.32612314452969554	0.04521619649757477	0.1300819003183752	0.23913294637911497	0.035114261659249066	0.1383016250380409	0.035114261659249066	0.11977884190014278	0.2552784135821677	0.12059291117952017	0.30983646051923003	0.027524592198392612	0.023470831102926935	0.020393386562173706	0.25232102581919125	0.24074031336878135	0.3955748008047588	0.08618632975170262	0.2568212786915892	0.29345748143128525	0.16564104305742045	0.03381743456901075	0.027623097492343766	0.033941473254813	0.027623097492343766	0.033941473254813	0.033941473254813	0.02990177014052281	0.02990177014052281	0.02990177014052281	0.02990177014052281	0.029789881031695116	0.08887712472807577	0.15304969753163036	0.14804308318534742	0.15304969753163036	0.15304969753163036	0.31551118990217697	0.15116034723601945	0.03577503589259897	0.18246794554680662	0.08896405625415686	0.08897841480535484	0.1632583344655704	0.08303014368072323	0.14056619315092372	0.1939422405258298	0.23697966529766623	0.026843302084438584	0.22243851554374863	0.1453458424838028	0.22271973957451704	0.026615963500995626	0.12801954683321837	0.026615963500995626	0.12555529488186024	0.03292045749847817
G1-13	0.14959541777877972	0.21395788544957067	0.0	0.1546609751380828	0.1546609751380828	0.14959541777877972	0.2163053758528763	0.23963761366160508	0.1546609751380828	0.27467899359532016	0.2880237795164299	0.21221362656696718	0.21446515412635722	0.21446515412635722	0.27760670834009815	0.21194582907909587	0.19969327944151247	0.39226773906896145	0.4858204444150967	0.27622788860975883	0.21916653767386687	0.43582680157219816	0.40294066939744777	0.20826185014132859	0.20826184716668206	0.2745190564596584	0.6149081071722555	0.21446515412635722	0.2705227469114556	0.21203852762581668	0.21203852762581668	0.21203852762581668	0.38503353742988533	0.30749391957555355	0.22041351228173436	0.22041351228173436	0.22041351228173436	0.22041351228173436	0.22041351228173436	0.22041351228173436	0.22041351228173436	0.22041351228173436	0.27617474376695134	0.2792205117993813	0.3591626779789059	0.21203852762581668	0.3648836665947095	0.3017816074733617	0.46397722721586554	0.3580361007010535	0.22106366253661072	0.27760670834009815	0.3533025880150048	0.21446515412635722	0.28319083945170054	0.21446515412635722	0.27773172855716965	0.3094219562625786	0.27300644530762075	0.37608946724135617	0.2114985480353509	0.2148171971970692	0.21284850113250264	0.31591274659980545	0.3113556518178208	0.2508786770497366	0.1661377936162235	0.3017816074733617	0.4103940170385421	0.3015396414023706	0.2165301991317459	0.21203852762581668	0.21708654224044377	0.21203852762581668	0.21708654224044377	0.21708654224044377	0.22041351228173436	0.22041351228173436	0.22041351228173436	0.22041351228173436	0.21984886412811028	0.1682193462002136	0.21284981371286968	0.21465229617225307	0.21284981371286968	0.21284981371286968	0.34623673099544483	0.21150940408401298	0.20758190927406964	0.2277720856661914	0.15253279637235606	0.15254421712353558	0.21757129686838353	0.1474586418167286	0.2791448850569768	0.23745021168451597	0.3469313186528561	0.20259853995217966	0.26100110913437885	0.19778452012198305	0.3367313555166382	0.20153401063439974	0.2705227469114556	0.20153401063439974	0.26883456135072914	0.20659956799370285
G1-130	0.005921704586366233	0.09163854157066623	0.1546609751380828	0.0	0.0	0.005921704586366233	0.10094965728098304	0.1268025312922705	0.0	0.17388820229128732	0.39186159716915303	0.09221526711788164	0.08204212911716542	0.08204212911716542	0.16711372216501968	0.07909810407665459	0.07273019495216292	0.48177833594418207	0.5813796370634621	0.38776581025724155	0.0987716184667783	0.35430686361102615	0.48919613405297147	0.0813961598778278	0.08693016341880247	0.16395643965419254	0.5872056261542381	0.08204212911716542	0.1487947979165736	0.09061158965586882	0.09061158965586882	0.09061158965586882	0.34358398866712825	0.33656827280728996	0.089135163928161	0.089135163928161	0.089135163928161	0.089135163928161	0.089135163928161	0.089135163928161	0.089135163928161	0.089135163928161	0.15643267296477573	0.15995999366266267	0.2416628491987763	0.09061158965586882	0.2678352383851465	0.17301051225835035	0.423554693336484	0.25026977170628606	0.09104012556610207	0.16711372216501968	0.26614921821929216	0.08204212911716542	0.1745279585926587	0.08204212911716542	0.17738749261482148	0.19313217133257957	0.1717038474968781	0.3333683004424616	0.09033723537627138	0.09419043553484062	0.0915524095030252	0.20096631216059904	0.19423332327407833	0.3491468683943643	0.025719693850377735	0.17301051225835035	0.3118727510092335	0.18993794188613244	0.07938316518134289	0.09061158965586882	0.08524794927139381	0.09061158965586882	0.08524794927139381	0.08524794927139381	0.089135163928161	0.089135163928161	0.089135163928161	0.089135163928161	0.08327037983811006	0.0227957555446044	0.07901546997225375	0.09087422263370148	0.07901546997225375	0.07901546997225375	0.25565095933010534	0.08723598163678582	0.08046700274947727	0.1111168793087782	0.002953140532694377	0.008837606584378203	0.10715266745842696	0.008851673641577244	0.17009369268906227	0.11321938069569039	0.2586807520225009	0.06697916540636002	0.15404490542506352	0.07016680408087232	0.237098349054097	0.06663861719967969	0.1487947979165736	0.06663861719967969	0.15147204927052557	0.061078602051208936
G1-131	0.005921704586366233	0.09163854157066623	0.1546609751380828	0.0	0.0	0.005921704586366233	0.10094965728098304	0.1268025312922705	0.0	0.17388820229128732	0.39186159716915303	0.09221526711788164	0.08204212911716542	0.08204212911716542	0.16711372216501968	0.07909810407665459	0.07273019495216292	0.48177833594418207	0.5813796370634621	0.38776581025724155	0.0987716184667783	0.35430686361102615	0.48919613405297147	0.0813961598778278	0.08693016341880247	0.16395643965419254	0.5872056261542381	0.08204212911716542	0.1487947979165736	0.09061158965586882	0.09061158965586882	0.09061158965586882	0.34358398866712825	0.33656827280728996	0.089135163928161	0.089135163928161	0.089135163928161	0.089135163928161	0.089135163928161	0.089135163928161	0.089135163928161	0.089135163928161	0.15643267296477573	0.15995999366266267	0.2416628491987763	0.09061158965586882	0.2678352383851465	0.17301051225835035	0.423554693336484	0.25026977170628606	0.09104012556610207	0.16711372216501968	0.26614921821929216	0.08204212911716542	0.1745279585926587	0.08204212911716542	0.17738749261482148	0.19313217133257957	0.1717038474968781	0.3333683004424616	0.09033723537627138	0.09419043553484062	0.0915524095030252	0.20096631216059904	0.19423332327407833	0.3491468683943643	0.025719693850377735	0.17301051225835035	0.3118727510092335	0.18993794188613244	0.07938316518134289	0.09061158965586882	0.08524794927139381	0.09061158965586882	0.08524794927139381	0.08524794927139381	0.089135163928161	0.089135163928161	0.089135163928161	0.089135163928161	0.08327037983811006	0.0227957555446044	0.07901546997225375	0.09087422263370148	0.07901546997225375	0.07901546997225375	0.25565095933010534	0.08723598163678582	0.08046700274947727	0.1111168793087782	0.002953140532694377	0.008837606584378203	0.10715266745842696	0.008851673641577244	0.17009369268906227	0.11321938069569039	0.2586807520225009	0.06697916540636002	0.15404490542506352	0.07016680408087232	0.237098349054097	0.06663861719967969	0.1487947979165736	0.06663861719967969	0.15147204927052557	0.061078602051208936
G1-132	0.0	0.0857168369843	0.14959541777877972	0.005921704586366233	0.005921704586366233	0.0	0.09557820035948077	0.12160091138053271	0.005921704586366233	0.16857872595853043	0.38822465003775225	0.08641940991028585	0.08743035142882256	0.08743035142882256	0.17155193098884566	0.08450360720468962	0.07785411177226952	0.48344514180915915	0.5827767791289332	0.3901496423728279	0.10361252789461922	0.3575582350930331	0.49077921314207246	0.07554969583633148	0.08110056285195238	0.1683953931510024	0.5882430986028834	0.08743035142882256	0.15336700999092337	0.08474809869107368	0.08474809869107368	0.08474809869107368	0.33936515859711097	0.33920568147282953	0.09447601166461783	0.09447601166461783	0.09447601166461783	0.09447601166461783	0.09447601166461783	0.09447601166461783	0.09447601166461783	0.09447601166461783	0.1609234165825319	0.16443195953452455	0.2461093522307678	0.08474809869107368	0.2717329287353924	0.17790769970078674	0.4256640053847765	0.2542969153303138	0.09632353683865968	0.17155193098884566	0.26959689945271975	0.08743035142882256	0.17888770929984665	0.08743035142882256	0.1720780162820646	0.19786323355575486	0.16638033214269857	0.32911211280326497	0.08449077133477505	0.0883439714933443	0.08568891853823006	0.20564131725962986	0.1990048354991873	0.3516911311825708	0.03143237762266389	0.17790769970078674	0.31553600698486517	0.19409721690130388	0.08478119367434038	0.08474809869107368	0.09061158965586882	0.08474809869107368	0.09061158965586882	0.09061158965586882	0.09447601166461783	0.09447601166461783	0.09447601166461783	0.09447601166461783	0.08864561568308939	0.02852558380272808	0.08407167488813837	0.09586532299945726	0.08407167488813837	0.08407167488813837	0.25895716040824873	0.09224705594500643	0.07461466082863019	0.10582182028090703	0.00885735749322397	0.014689738944277218	0.1017812105369247	0.0029299690552110095	0.17446788470083122	0.11787921415277434	0.2621729163705172	0.07250423916174843	0.15831163338415474	0.07531901097682431	0.24077317697659079	0.06071691261331345	0.15336700999092337	0.06071691261331345	0.15602988060455955	0.06663861719967969
G1-135	0.09557820035948077	0.1684624826750529	0.2163053758528763	0.10094965728098304	0.10094965728098304	0.09557820035948077	0.0	0.03419210751103338	0.10094965728098304	0.07429858442456341	0.4261294040860684	0.16750027625583497	0.1693619004625701	0.1693619004625701	0.07693722039955073	0.16669792268950664	0.1562059143835758	0.4268928669842283	0.5242561081374436	0.32148628772483956	0.00805573738849274	0.26862768693187394	0.4363021042302517	0.16308592078973208	0.16308591746593906	0.07411476872512576	0.5441990345291485	0.1693619004625701	0.06310423944792999	0.16684015827562926	0.16684015827562926	0.16684015827562926	0.26484932753592016	0.2689975785225367	0.17569554160972062	0.17569554160972062	0.17569554160972062	0.17569554160972062	0.17569554160972062	0.17569554160972062	0.17569554160972062	0.17569554160972062	0.07146626335230191	0.07497480630429455	0.318170001137258	0.16684015827562926	0.1774752559868404	0.25695463023855747	0.36417474228741237	0.16403414478732042	0.17673634217325157	0.07693722039955073	0.19981146114651618	0.1693619004625701	0.0851322124993038	0.1693619004625701	0.07780709175082279	0.2698096115220079	0.07184442841200206	0.2539134171825538	0.16638879671398715	0.16989730404024653	0.16769659278707572	0.27674990613825146	0.2714975431885363	0.28268010229961404	0.11830650577706572	0.25695463023855747	0.22607885375463518	0.2621727152201486	0.16687028485715388	0.16684015827562926	0.17217773276981443	0.16684015827562926	0.17217773276981443	0.17217773276981443	0.17569554160972062	0.17569554160972062	0.17569554160972062	0.17569554160972062	0.1703880936970601	0.11566043219286493	0.1659945052911595	0.17223097514726368	0.1659945052911595	0.1659945052911595	0.19695540046975918	0.16891831668220433	0.15747193305619991	0.016842851440797595	0.10361252789461922	0.10362530522392145	0.006219539941468781	0.09316809969877925	0.08089338006166835	0.19376737795990134	0.17876795015721184	0.15644566859030215	0.0687373157069275	0.15408380637465324	0.1598291110999314	0.1506532679776648	0.06310423944792999	0.1506532679776648	0.06576711006156617	0.15602472489916708
G1-136	0.12160091138053271	0.19689450286688526	0.23963761366160508	0.1268025312922705	0.1268025312922705	0.12160091138053271	0.03419210751103338	0.0	0.1268025312922705	0.1055964531775277	0.4361635792050812	0.1954324398069841	0.1975442333868508	0.1975442333868508	0.1082553872151575	0.19497064047398718	0.18334883869037158	0.4387774385362984	0.5344856989631848	0.33845093708173013	0.041972402260658126	0.2921171166842595	0.44757347378636797	0.18670711867142847	0.1913100675419953	0.105418852268568	0.5516159016472041	0.1975442333868508	0.09015372597831299	0.19508136106031934	0.19508136106031934	0.19508136106031934	0.28472669225508807	0.2876492358182939	0.20363657789099804	0.20363657789099804	0.20363657789099804	0.20363657789099804	0.20363657789099804	0.20363657789099804	0.20363657789099804	0.20363657789099804	0.09801978581157338	0.10141835324325237	0.3369905779557146	0.19508136106031934	0.2053559661792859	0.2778748726560896	0.37623828414846366	0.18789238663880972	0.20442882993247036	0.1082553872151575	0.22366491037409406	0.1975442333868508	0.11590602932676565	0.1975442333868508	0.10898633822076273	0.2945605102088179	0.10330565397792199	0.2742605990735722	0.19457310456764604	0.19796298961088107	0.19590876543913302	0.3012189623050166	0.2964065775138858	0.3006845644125629	0.14819282952588775	0.2778748726560896	0.24778603392618256	0.28046459397712553	0.19511046645616573	0.19508136106031934	0.20023801045931905	0.19508136106031934	0.20023801045931905	0.20023801045931905	0.20363657789099804	0.20363657789099804	0.20363657789099804	0.20363657789099804	0.19850903388784472	0.14563644857559974	0.18825328950616238	0.19870547751761597	0.18825328950616238	0.18825328950616238	0.215798658828362	0.1954987676707729	0.18598291849980192	0.034784875269982224	0.12938120613015744	0.13419514612570968	0.040198988274154294	0.1241745935283133	0.11174841794656344	0.2143867480808427	0.20348982581840266	0.18528856898126042	0.09869390461930931	0.18136122231901539	0.18141392331503106	0.1749345920838551	0.09015372597831299	0.1749345920838551	0.09273240081619992	0.1801362119955929
G1-138	0.005921704586366233	0.09163854157066623	0.1546609751380828	0.0	0.0	0.005921704586366233	0.10094965728098304	0.1268025312922705	0.0	0.17388820229128732	0.39186159716915303	0.09221526711788164	0.08204212911716542	0.08204212911716542	0.16711372216501968	0.07909810407665459	0.07273019495216292	0.48177833594418207	0.5813796370634621	0.38776581025724155	0.0987716184667783	0.35430686361102615	0.48919613405297147	0.0813961598778278	0.08693016341880247	0.16395643965419254	0.5872056261542381	0.08204212911716542	0.1487947979165736	0.09061158965586882	0.09061158965586882	0.09061158965586882	0.34358398866712825	0.33656827280728996	0.089135163928161	0.089135163928161	0.089135163928161	0.089135163928161	0.089135163928161	0.089135163928161	0.089135163928161	0.089135163928161	0.15643267296477573	0.15995999366266267	0.2416628491987763	0.09061158965586882	0.2678352383851465	0.17301051225835035	0.423554693336484	0.25026977170628606	0.09104012556610207	0.16711372216501968	0.26614921821929216	0.08204212911716542	0.1745279585926587	0.08204212911716542	0.17738749261482148	0.19313217133257957	0.1717038474968781	0.3333683004424616	0.09033723537627138	0.09419043553484062	0.0915524095030252	0.20096631216059904	0.19423332327407833	0.3491468683943643	0.025719693850377735	0.17301051225835035	0.3118727510092335	0.18993794188613244	0.07938316518134289	0.09061158965586882	0.08524794927139381	0.09061158965586882	0.08524794927139381	0.08524794927139381	0.089135163928161	0.089135163928161	0.089135163928161	0.089135163928161	0.08327037983811006	0.0227957555446044	0.07901546997225375	0.09087422263370148	0.07901546997225375	0.07901546997225375	0.25565095933010534	0.08723598163678582	0.08046700274947727	0.1111168793087782	0.002953140532694377	0.008837606584378203	0.10715266745842696	0.008851673641577244	0.17009369268906227	0.11321938069569039	0.2586807520225009	0.06697916540636002	0.15404490542506352	0.07016680408087232	0.237098349054097	0.06663861719967969	0.1487947979165736	0.06663861719967969	0.15147204927052557	0.061078602051208936
G1-139	0.16857872595853043	0.12307379437381423	0.27467899359532016	0.17388820229128732	0.17388820229128732	0.16857872595853043	0.07429858442456341	0.1055964531775277	0.17388820229128732	0.0	0.47038716281098253	0.11101798054651855	0.1352684191710978	0.1352684191710978	0.038405624830927305	0.1324765206112858	0.2198973289889329	0.44581104628660023	0.5084643786852453	0.2906086394672684	0.07718667024897216	0.2409918934507042	0.46918719387323987	0.1060188150560438	0.10601881129071584	0.01148811137418197	0.5555011441703503	0.1352684191710978	0.029189410691515316	0.10390666427120966	0.10390666427120966	0.10390666427120966	0.2205692983927823	0.3072840615495399	0.11332973565279698	0.11332973565279698	0.11332973565279698	0.11332973565279698	0.11332973565279698	0.11332973565279698	0.11332973565279698	0.11332973565279698	0.01977519776945919	0.023475955740070657	0.27999456417875257	0.10390666427120966	0.218945162905374	0.3280930528216647	0.35057320231568057	0.23624476556152182	0.1258807183482635	0.038405624830927305	0.17143361924381437	0.1352684191710978	0.029017924008093016	0.1352684191710978	0.0037433234174742017	0.3117917362529724	0.0028210861907215067	0.21693309596485413	0.09825359223368084	0.10199691565115504	0.10481800184187655	0.33365232256792	0.3290428895370562	0.3134933408662126	0.15944817855543486	0.3280930528216647	0.18285821659451146	0.22586586181531199	0.10926247978724891	0.10390666427120966	0.10958641223532278	0.10390666427120966	0.10958641223532278	0.10958641223532278	0.11332973565279698	0.11332973565279698	0.11332973565279698	0.11332973565279698	0.11299529270761334	0.16167874391332882	0.2093501789554726	0.21124243782947702	0.2093501789554726	0.2093501789554726	0.23515805343948917	0.20791247992753184	0.12808723811781222	0.07279849048079629	0.17170801846121422	0.17171972698556714	0.07536691379853418	0.16638879671398715	0.04299006054769111	0.2582921919494681	0.14920169604452863	0.12143922527663915	0.13316440160232745	0.21795194461996217	0.13347449190891095	0.120710594902179	0.029189410691515316	0.120710594902179	0.02647943437806162	0.12632575827575646
G1-14	0.38822465003775225	0.43712336845165883	0.2880237795164299	0.39186159716915303	0.39186159716915303	0.38822465003775225	0.4261294040860684	0.4361635792050812	0.39186159716915303	0.47038716281098253	0.0	0.436630737587208	0.43627889931164476	0.43627889931164476	0.4695512748920416	0.4344709633606248	0.42094381093547156	0.1463247454717843	0.5776631571590449	0.44819307919655405	0.4312473507983647	0.5803427580317525	0.5216043035077913	0.4318092944946122	0.43460413730634134	0.4702698867750102	0.4549501427139754	0.43627889931164476	0.4629414517611524	0.4381198695699241	0.4381198695699241	0.4381198695699241	0.5293041137643739	0.465650439353273	0.4404015549570183	0.4404015549570183	0.4404015549570183	0.4404015549570183	0.4404015549570183	0.4404015549570183	0.4404015549570183	0.4404015549570183	0.4660048065051867	0.46480476971826085	0.5341083840311729	0.4381198695699241	0.5335328255315505	0.4938804918074354	0.5712567162069446	0.5239060617423098	0.4396851357499156	0.4695512748920416	0.5115344039162316	0.43627889931164476	0.4725683626477235	0.43627889931164476	0.46919898672317345	0.5042931021196164	0.4694922145190365	0.5233328411767484	0.43732770854711767	0.43598637840776594	0.4349712806480916	0.5086943480375956	0.5068689019782543	0.32379308767717263	0.4014416598750674	0.4938804918074354	0.5615894258506771	0.47713262210680996	0.438140272981137	0.4381198695699241	0.441734774473604	0.4381198695699241	0.441734774473604	0.441734774473604	0.4404015549570183	0.4404015549570183	0.4404015549570183	0.4404015549570183	0.4367984692659965	0.399645310664389	0.4234679084534166	0.42732486719726853	0.4234679084534166	0.4234679084534166	0.4982921557931769	0.4286343203528345	0.4314533939470956	0.4296781692126385	0.3936645939689202	0.3965558254272109	0.4265324501346875	0.39002415597308326	0.4727508372466361	0.43583795786496254	0.5101007770913749	0.43275474788167884	0.4538563838282716	0.4199412403961016	0.4996360999759644	0.42551529801517995	0.4629414517611524	0.42551529801517995	0.4646377268809711	0.42915224514658074
G1-140	0.08641940991028585	0.042766540367795	0.21221362656696718	0.09221526711788164	0.09221526711788164	0.08641940991028585	0.16750027625583497	0.1954324398069841	0.09221526711788164	0.11101798054651855	0.436630737587208	0.0	0.026851333853378276	0.026851333853378276	0.12111323296474973	0.023760000064541324	0.147124318539983	0.5012158531923905	0.5719521225930462	0.36058310687433837	0.17061018870573433	0.3320740776428612	0.5264834874653423	0.012289290905315423	0.012289286338800803	0.1108246385848868	0.5947756789571377	0.026851333853378276	0.12783081447595002	0.021844120508947896	0.021844120508947896	0.021844120508947896	0.3051659868093325	0.37578219624690984	0.032130139059981036	0.032130139059981036	0.032130139059981036	0.032130139059981036	0.032130139059981036	0.032130139059981036	0.032130139059981036	0.032130139059981036	0.1184948936220115	0.12216487472391171	0.20349555483304813	0.021844120508947896	0.321004530032708	0.260546235819771	0.4151939330159698	0.32792947711998965	0.016456788302599352	0.12111323296474973	0.22975727243469635	0.026851333853378276	0.11172553214191544	0.026851333853378276	0.11470831652398783	0.2525338912470194	0.11379913373690624	0.2828144760188788	0.015673350757381684	0.0197594806990367	0.022838916661765955	0.27695295372204576	0.27127044687416185	0.3876115643874075	0.08707286401991733	0.260546235819771	0.2802216538915806	0.15471160767164088	0.02794036005131784	0.021844120508947896	0.028044009118326024	0.021844120508947896	0.028044009118326024	0.028044009118326024	0.032130139059981036	0.032130139059981036	0.032130139059981036	0.032130139059981036	0.03201396950531118	0.08970348921771647	0.14592744269321922	0.14762930136250224	0.14592744269321922	0.14592744269321922	0.30757339156796915	0.1440307830351422	0.02561098724174102	0.1652772825384617	0.08959944529392828	0.08961349632938742	0.16880482371929512	0.08379200700513827	0.14012756258184136	0.19252132742336453	0.2348623615850775	0.028933254099356102	0.22054693830637206	0.144813911424949	0.2208236975441097	0.02869828664178175	0.12783081447595002	0.02869828664178175	0.12541649470133587	0.03486033309634199
G1-141	0.08743035142882256	0.035114261659249066	0.21446515412635722	0.08204212911716542	0.08204212911716542	0.08743035142882256	0.1693619004625701	0.1975442333868508	0.08204212911716542	0.1352684191710978	0.43627889931164476	0.026851333853378276	0.0	0.0	0.09927013874711077	0.0031665715285599133	0.13854280673682917	0.49659410970342416	0.5679904928596458	0.3682117463931831	0.1626704163061766	0.3210628497462928	0.5254128785054211	0.03905850735967393	0.03905850291692229	0.12457390999346393	0.602213765444344	0.0	0.11870463769602123	0.03657963939147386	0.03657963939147386	0.03657963939147386	0.32051750726252176	0.37909509454273727	0.026504068146810333	0.026504068146810333	0.026504068146810333	0.026504068146810333	0.026504068146810333	0.026504068146810333	0.026504068146810333	0.026504068146810333	0.1270014896898878	0.12375867406728287	0.20635646660874915	0.03657963939147386	0.3248153005571773	0.24670420291043205	0.4085648952109227	0.3167631283424837	0.010568468601232069	0.09927013874711077	0.21303207272227065	0.0	0.10785349335575359	0.0	0.13206544907171852	0.25586244062347324	0.1328567609853892	0.29836162629876967	0.042524684610759964	0.03859626401914962	0.03561431543073415	0.26356734114567043	0.25759170631705847	0.39512263454816915	0.0882956678996455	0.24670420291043205	0.28373586027738296	0.15662623731644254	0.036545715228656454	0.03657963939147386	0.030531723773791927	0.03657963939147386	0.030531723773791927	0.030531723773791927	0.026504068146810333	0.026504068146810333	0.026504068146810333	0.026504068146810333	0.032567977374316465	0.0909561058907099	0.15444660300275753	0.14438302151823357	0.15444660300275753	0.15444660300275753	0.3155417501178094	0.14749588778815095	0.025860481641181605	0.1832424466205062	0.07934728722090477	0.07936175493734181	0.16420511948418623	0.08477227036637909	0.13135035016533564	0.18515922516859903	0.22855906539614967	0.016766713857787472	0.2138941246279576	0.13616800656404202	0.21417772978318836	0.028990489461559733	0.11870463769602123	0.028990489461559733	0.1162210480398216	0.022887752152123922
G1-142	0.08743035142882256	0.035114261659249066	0.21446515412635722	0.08204212911716542	0.08204212911716542	0.08743035142882256	0.1693619004625701	0.1975442333868508	0.08204212911716542	0.1352684191710978	0.43627889931164476	0.026851333853378276	0.0	0.0	0.09927013874711077	0.0031665715285599133	0.13854280673682917	0.49659410970342416	0.5679904928596458	0.3682117463931831	0.1626704163061766	0.3210628497462928	0.5254128785054211	0.03905850735967393	0.03905850291692229	0.12457390999346393	0.602213765444344	0.0	0.11870463769602123	0.03657963939147386	0.03657963939147386	0.03657963939147386	0.32051750726252176	0.37909509454273727	0.026504068146810333	0.026504068146810333	0.026504068146810333	0.026504068146810333	0.026504068146810333	0.026504068146810333	0.026504068146810333	0.026504068146810333	0.1270014896898878	0.12375867406728287	0.20635646660874915	0.03657963939147386	0.3248153005571773	0.24670420291043205	0.4085648952109227	0.3167631283424837	0.010568468601232069	0.09927013874711077	0.21303207272227065	0.0	0.10785349335575359	0.0	0.13206544907171852	0.25586244062347324	0.1328567609853892	0.29836162629876967	0.042524684610759964	0.03859626401914962	0.03561431543073415	0.26356734114567043	0.25759170631705847	0.39512263454816915	0.0882956678996455	0.24670420291043205	0.28373586027738296	0.15662623731644254	0.036545715228656454	0.03657963939147386	0.030531723773791927	0.03657963939147386	0.030531723773791927	0.030531723773791927	0.026504068146810333	0.026504068146810333	0.026504068146810333	0.026504068146810333	0.032567977374316465	0.0909561058907099	0.15444660300275753	0.14438302151823357	0.15444660300275753	0.15444660300275753	0.3155417501178094	0.14749588778815095	0.025860481641181605	0.1832424466205062	0.07934728722090477	0.07936175493734181	0.16420511948418623	0.08477227036637909	0.13135035016533564	0.18515922516859903	0.22855906539614967	0.016766713857787472	0.2138941246279576	0.13616800656404202	0.21417772978318836	0.028990489461559733	0.11870463769602123	0.028990489461559733	0.1162210480398216	0.022887752152123922
G1-143	0.17155193098884566	0.1300819003183752	0.27760670834009815	0.16711372216501968	0.16711372216501968	0.17155193098884566	0.07693722039955073	0.1082553872151575	0.16711372216501968	0.038405624830927305	0.4695512748920416	0.12111323296474973	0.09927013874711077	0.09927013874711077	0.0	0.10184003129165156	0.2138941246279576	0.4400071945240603	0.5079699265853354	0.2979129878367168	0.06950117819477752	0.22864492650502422	0.4717174465285906	0.13188082420389854	0.13188082057799005	0.027165692945952846	0.5582344203057942	0.09927013874711077	0.020643349696676885	0.13042221718665511	0.13042221718665511	0.13042221718665511	0.2444053651701892	0.31000732061519326	0.12222223845302248	0.12222223845302248	0.12222223845302248	0.12222223845302248	0.12222223845302248	0.12222223845302248	0.12222223845302248	0.12222223845302248	0.029863388204008683	0.026259746131726654	0.28373586027738296	0.13042221718665511	0.2321538577031491	0.3167631283424837	0.34275621105760745	0.2237599207011678	0.10785349335575359	0.0	0.1410079357052	0.09927013874711077	0.00952933279763105	0.09927013874711077	0.03484387445696098	0.3248153005571773	0.03572382507060759	0.2210335152814057	0.1352684191710978	0.13206544907171852	0.12963586711302855	0.3316715533798899	0.3270077216536496	0.327367374995878	0.17277550676833242	0.3167631283424837	0.18623693234182673	0.2289801092216267	0.1303945800606097	0.13042221718665511	0.12549813291595555	0.13042221718665511	0.12549813291595555	0.12549813291595555	0.12222223845302248	0.12222223845302248	0.12222223845302248	0.12222223845302248	0.1271553351380992	0.17496634000436154	0.2276037666720503	0.21921489010063608	0.2276037666720503	0.2276037666720503	0.2511039775315051	0.2218078925758879	0.1205754777365091	0.0923622478887208	0.1648958267433627	0.16490773067038947	0.07120664701705295	0.1693619004625701	0.03469614417895962	0.25289677345807743	0.1427212238524214	0.11372827016284083	0.12642452256253148	0.21191707739903104	0.12673968431954952	0.12367221690868599	0.020643349696676885	0.12367221690868599	0.017883412279027466	0.11870463769602123
G1-144	0.08450360720468962	0.031967673430410196	0.21194582907909587	0.07909810407665459	0.07909810407665459	0.08450360720468962	0.16669792268950664	0.19497064047398718	0.07909810407665459	0.1324765206112858	0.4344709633606248	0.023760000064541324	0.0031665715285599133	0.0031665715285599133	0.10184003129165156	0.0	0.13577998762634444	0.4949630920555268	0.5662605062979134	0.3661855091355514	0.15998497796554303	0.31839906672665397	0.5238652027417204	0.035976627562643394	0.035976623105643195	0.12176629058973566	0.6009461386822811	0.0031665715285599133	0.11587819467831095	0.039567092977084994	0.039567092977084994	0.039567092977084994	0.3183237095165521	0.3771037617730927	0.02955423589250788	0.02955423589250788	0.02955423589250788	0.02955423589250788	0.02955423589250788	0.02955423589250788	0.02955423589250788	0.02955423589250788	0.12420165588900778	0.12094844008280234	0.20324263763782927	0.039567092977084994	0.32214449851583066	0.2437486766849152	0.4066680763986807	0.31408247553620794	0.013668565935900519	0.10184003129165156	0.2149945129357275	0.0031665715285599133	0.11037470909264928	0.0031665715285599133	0.1292632093056804	0.252918884416904	0.13005707607295086	0.2961327804013018	0.03943335082192301	0.035492246812665836	0.032500670614765526	0.26063018748257094	0.2546187245882722	0.3931697091462919	0.08535211169307624	0.2437486766849152	0.2809256262929024	0.15392141441050425	0.033435077558271596	0.039567092977084994	0.03355674395741655	0.039567092977084994	0.03355674395741655	0.03355674395741655	0.02955423589250788	0.02955423589250788	0.02955423589250788	0.02955423589250788	0.029444497059077354	0.08802113925477781	0.15171662370784397	0.14674012706920947	0.15171662370784397	0.15171662370784397	0.3133318874916916	0.1498358969655238	0.022756187857258633	0.18062298578744743	0.07639461942861364	0.07640913354513158	0.1615246031609231	0.08183700128783206	0.12856446379553443	0.18254591172445833	0.2260849415819875	0.013613341021316753	0.21137296820564572	0.13339757112235448	0.2116574829240548	0.025876320059809263	0.11587819467831095	0.025876320059809263	0.1133866397871369	0.019754010379979852
G1-15	0.07785411177226952	0.1477018536391347	0.19969327944151247	0.07273019495216292	0.07273019495216292	0.07785411177226952	0.1562059143835758	0.18334883869037158	0.07273019495216292	0.2198973289889329	0.42094381093547156	0.147124318539983	0.13854280673682917	0.13854280673682917	0.2138941246279576	0.13577998762634444	0.0	0.4997104092445417	0.5963927757845278	0.3411397681710332	0.14977572548054707	0.3886742109238437	0.5062470100626016	0.14246088286894545	0.14246087935702967	0.2107533307320765	0.598444475801862	0.13854280673682917	0.20602135030579316	0.14622026762559512	0.14622026762559512	0.14622026762559512	0.3729687189760033	0.3647331455841467	0.14514244141440946	0.14514244141440946	0.14514244141440946	0.14514244141440946	0.14514244141440946	0.14514244141440946	0.14514244141440946	0.14514244141440946	0.21271246729315604	0.21602527681285746	0.29762560133524824	0.14622026762559512	0.3089204181093092	0.23410984980286886	0.45156161833674885	0.30127275695060374	0.1464720149544818	0.2138941246279576	0.30271023430173555	0.13854280673682917	0.22050218949306927	0.13854280673682917	0.2232017313092083	0.24274487849316084	0.21794978820836491	0.36346266097036095	0.1458110180423627	0.14942923928274926	0.1471035567770521	0.24999709809506168	0.24424243264098192	0.37633454896188956	0.08562626318423375	0.23410984980286886	0.3586995817047513	0.2423581992810695	0.14109120045265666	0.14622026762559512	0.14149424389971255	0.14622026762559512	0.14149424389971255	0.14149424389971255	0.14514244141440946	0.14514244141440946	0.14514244141440946	0.14514244141440946	0.14472941415913038	0.08812857617467475	0.023109692656539983	0.024161630191509686	0.023109692656539983	0.023109692656539983	0.21005352817647446	0.020513432676812753	0.14165807162236674	0.16956217032758242	0.07016887114562147	0.07018261968187264	0.15742632170362791	0.07532597301007368	0.21622499835798084	0.1714084319625802	0.2957089615662769	0.12488617782884578	0.08813515894551198	0.002772085990025338	0.28383166625308365	0.13451180582580935	0.20602135030579316	0.13451180582580935	0.20402101315952692	0.12970270829325314
G1-175	0.48344514180915915	0.49480752865304006	0.39226773906896145	0.48177833594418207	0.48177833594418207	0.48344514180915915	0.4268928669842283	0.4387774385362984	0.48177833594418207	0.44581104628660023	0.1463247454717843	0.5012158531923905	0.49659410970342416	0.49659410970342416	0.4400071945240603	0.4949630920555268	0.4997104092445417	0.0	0.5466075056346718	0.4296935938494661	0.4241179362938713	0.5519648533044227	0.5034975772135509	0.5044356725453113	0.5044356713477727	0.4458731670491874	0.41372166720092307	0.49659410970342416	0.44373738545830227	0.5027921357731459	0.5027921357731459	0.5027921357731459	0.5055879019311146	0.4578897415689147	0.5000950743442226	0.5000950743442226	0.5000950743442226	0.5000950743442226	0.5000950743442226	0.5000950743442226	0.5000950743442226	0.5000950743442226	0.4467600936598363	0.44557578417028604	0.5939573269038722	0.5027921357731459	0.5159745312989895	0.5724586952412668	0.5520673587978965	0.5165199755455219	0.49933986153048077	0.4400071945240603	0.48984072565911513	0.49659410970342416	0.443061591181732	0.49659410970342416	0.44462266573491754	0.5719763589852888	0.44491591824737836	0.49986617128293065	0.5019751031751397	0.500907158573078	0.5000992905322728	0.5710543556244693	0.5674758166659192	0.31729124394414676	0.48008802454005356	0.5724586952412668	0.5377694271976409	0.5380913646905049	0.5003513682570497	0.5027921357731459	0.5011699798837188	0.5027921357731459	0.5011699798837188	0.5011699798837188	0.5000950743442226	0.5000950743442226	0.5000950743442226	0.5000950743442226	0.49927644104367647	0.48092108051901855	0.5014752373767953	0.5004650955443056	0.5014752373767953	0.5014752373767953	0.4953850992459445	0.5014902074136047	0.49442153992002613	0.43270605159666264	0.48094803146673737	0.4809524832023942	0.4247528064525987	0.48262177397218337	0.44835419394609316	0.5152995997083079	0.4613579976694993	0.4984927502395673	0.4458221884658921	0.4989359919743911	0.4800534079782458	0.5017353542015245	0.44373738545830227	0.5017353542015245	0.442837263957508	0.5001115966704667
G1-176	0.5827767791289332	0.5615974249039556	0.4858204444150967	0.5813796370634621	0.5813796370634621	0.5827767791289332	0.5242561081374436	0.5344856989631848	0.5813796370634621	0.5084643786852453	0.5776631571590449	0.5719521225930462	0.5679904928596458	0.5679904928596458	0.5079699265853354	0.5662605062979134	0.5963927757845278	0.5466075056346718	0.0	0.4814824563590361	0.5218652947281515	0.474407212974484	0.5778163673635829	0.5704833464255131	0.5704833453216552	0.5085229940482195	0.7091320845200332	0.5679904928596458	0.50650725044001	0.5691976699041075	0.5691976699041075	0.5691976699041075	0.5631333177473626	0.5429843349818967	0.5667104908865669	0.5667104908865669	0.5667104908865669	0.5667104908865669	0.5667104908865669	0.5667104908865669	0.5667104908865669	0.5667104908865669	0.5093597809636337	0.5082423845199457	0.5210419250977139	0.5691976699041075	0.47142730790222553	0.536279859314997	0.6062491320475026	0.47211059218380586	0.5704889773007291	0.5079699265853354	0.5547945846805783	0.5679904928596458	0.5108155340607565	0.5679904928596458	0.5073428954353356	0.5356796338160748	0.5076196684787034	0.5617626598166372	0.5682145462802446	0.5672293884749849	0.5664839668922393	0.5345317260883929	0.5300694801238397	0.4858159626745971	0.5799624455281678	0.536279859314997	0.4547640433398818	0.6013729863412961	0.5667165761295018	0.5691976699041075	0.567701955327866	0.5691976699041075	0.567701955327866	0.567701955327866	0.5667104908865669	0.5667104908865669	0.5667104908865669	0.5667104908865669	0.5657245631045964	0.5806609402900241	0.5978682115090255	0.5973354434445965	0.5978682115090255	0.5978682115090255	0.5838020939598537	0.5981918457889731	0.5702310964580356	0.5292617785814848	0.5806835365093219	0.5806872689259303	0.5224123605957968	0.582086662096182	0.5108633338561097	0.6094125854925576	0.5460519562851832	0.5650011496383147	0.5405418917825882	0.5957452259665877	0.5406477460914196	0.5679934060708506	0.50650725044001	0.5679934060708506	0.5056574214905942	0.5664953229509234
