	G1-11	G1-12	G1-13	G1-130	G1-131	G1-132	G1-135	G1-136	G1-138	G1-139	G1-14	G1-140	G1-141	G1-142	G1-143	G1-144	G1-15	G1-175	G1-176	G1-177	G1-178	G1-180	G1-182	G1-187	G1-188	G1-189	G1-190	G1-192	G1-193	G2-1100	G2-1101	G2-1102	G2-1103	G2-1104	G2-1105	G2-1106	G2-1107	G2-1108	G2-1109	G2-1110	G2-1111	G2-1113	G2-194	G2-197	G2-198	G2-199	G2-21	G2-210	G2-211	G2-212	G2-213	G2-214	G2-215	G2-216	G2-217	G2-218	G2-219	G2-22	G2-220	G2-221	G2-222	G2-223	G2-224	G2-23	G2-24	G2-25	G2-26	G2-27	G2-28	G2-29	G2-313	G2-314	G2-315	G2-316	G2-317	G2-318	G2-319	G2-320	G2-321	G2-322	G2-323	G2-324	G2-325	G2-326	G2-327	G2-328	G2-329	G2-330	G2-413	G2-414	G2-415	G2-416	G3-417	G3-418	G3-419	G3-420	G3-421	G3-422	G3-423	G3-424	G3-425	G3-426	G3-427	G3-428	G3-429	G3-430
G1-11	0.0	0.11383578827001226	0.08607064398545183	0.22019537689914048	0.13378943553576816	0.23269553147120917	0.18700271143278355	0.10422350063308833	0.13000312288515975	0.12613812210727168	0.10190375406705746	0.12432772294622824	0.1884984176714083	0.18471562926231389	0.0953564064365209	0.1529736669545595	0.07213374587730201	0.1474261327637137	0.18381592226442228	0.13173983529549707	0.07851632724788049	0.17837815910723606	0.18263698915422158	0.05982515804172344	0.11156727807709738	0.058903912704070624	0.061880544483655944	0.07741081430972407	0.09156408016859087	0.07025905813604862	0.12458087713390047	0.06856562025555457	0.056160716148436624	0.17326110887584412	0.1858368435202206	0.1940579266109152	0.18685068243665476	0.18894751450867328	0.19058940930162913	0.1940169896576427	0.17621897597319636	0.18160788847135867	0.05199178732875213	0.16595810800871155	0.18906655880497045	0.13847456112601622	0.18129307218440907	0.18755589346142504	0.18757126973233162	0.18234845886944198	0.1929369521170951	0.175923212375225	0.1914809424777219	0.19194760810404815	0.19703151775958924	0.20163715096602666	0.16610129159094225	0.18077897693282793	0.15023855787261894	0.117806114748748	0.14146946990281462	0.11926902449894666	0.1867349490605345	0.1816701760401098	0.20148666315828645	0.15623483600448299	0.23127680268351442	0.18936925587007436	0.1888262654130041	0.1871010892507149	0.1937802596348782	0.10101650555940908	0.18520049680346687	0.08121310441272583	0.15690018364748287	0.15873268394897247	0.1944605180296577	0.17981158430530458	0.16723745514292587	0.1908679096975495	0.1441044990720917	0.07616959931535397	0.09731442736328712	0.06914884914586536	0.09736551734916682	0.08170916934915984	0.08466058791145635	0.1299335455700021	0.13376358413855652	0.07125135472102077	0.119691010878936	0.14170030015537133	0.10645914958487993	0.06975680337559843	0.08235903545573338	0.08318018376837472	0.049132620035464966	0.07442840486749538	0.06969576623543008	0.06864192511839771	0.06689770692784949	0.03768721084096973	0.07709640792501225	0.08595475736666458	0.14717081065363583	0.09103161838700728
G1-12	0.11383578827001226	0.0	0.19789233115952884	0.2617095960569889	0.09746145305001153	0.27438168588004025	0.13273228180236515	0.03938875067824894	0.11837068157948445	0.18815431826425244	0.03897061068656635	0.18627476604114107	0.25078269479179377	0.24717184163368203	0.1578126188078889	0.21542987932592755	0.12641072691431265	0.08416141203862615	0.07482521857450915	0.19406816758597067	0.1405070621783213	0.07359968673770895	0.0716658854278708	0.10287261381737718	0.1738281332518496	0.11386819514741117	0.12099583818647824	0.13986702668109216	0.0247289502824081	0.07511659884877342	0.026558539272619777	0.10090443222031546	0.10574975166820404	0.07961059843101827	0.07538969521460206	0.08361077830529669	0.07640353413103623	0.0788505098469525	0.08014226099601064	0.08356984135202418	0.06577182766757787	0.07116074016574019	0.08214510171857765	0.06016948903337791	0.07636173359263111	0.028071467990485863	0.0844102605053583	0.07554508259494873	0.07782079087511397	0.07266819213330103	0.25533028456832774	0.23837942474659315	0.25393715484909	0.25440382047541626	0.25900555350485616	0.263239960224414	0.2287045667535624	0.11944640063557196	0.21383203305345788	0.18012115223251762	0.20411680028552295	0.1809664480459419	0.24863793693535924	0.11033063943585245	0.14580767765943778	0.05538619907517402	0.17606993105208577	0.07659527969566711	0.07681545589652776	0.07509027983423858	0.08337716649934783	0.04845219403923117	0.07475334849784837	0.06580410837266144	0.04649709051195251	0.048679734457339856	0.08436351336793693	0.06936443599968607	0.05679030683730736	0.08077090503582873	0.0337236268076812	0.06526708457287687	0.15894969155431818	0.12370254554205785	0.15941191029585672	0.13015900726401372	0.1446674976033709	0.04565368008714161	0.023969010231258518	0.13420111580815186	0.100175566240311	0.12457788028753582	0.1685777645962152	0.12144610293279388	0.05333309034039392	0.14574666319100407	0.10970227841161098	0.1374273780444974	0.11991781880171531	0.0738863131011197	0.15645575344658885	0.1199573433500895	0.1423767126924787	0.1485543748098979	0.21042930389698758	0.15363123583024058
G1-13	0.08607064398545183	0.19789233115952884	0.0	0.16060826097735076	0.18489018502654656	0.16872365689228672	0.23254508546499228	0.17928628983652603	0.1614962483046699	0.13812395900229113	0.17621609992105683	0.1377939714127553	0.17650033244102284	0.1728894792829111	0.1384709449295753	0.14835277045439882	0.10956420009357665	0.21910986578176	0.2685727524417343	0.13662464637091537	0.13012838636781401	0.26179794597484973	0.26739381933153356	0.12970975915134375	0.13702148836645367	0.12872872555331305	0.13090743163994917	0.13829029046086963	0.17607476061133395	0.15327933116200304	0.20795129380375266	0.13640713884985084	0.13753288198689206	0.2555668536707662	0.26881306137608685	0.27703414446678143	0.269826900292521	0.27227387600843733	0.27356562715749544	0.2763078273391391	0.25919519382906264	0.26458410632722495	0.12214917692131551	0.24917402306452807	0.27404898983057335	0.2214948341519707	0.2559747641240035	0.2725469584585211	0.2735978585476953	0.26837504768480563	0.18036254204318705	0.16409706239582228	0.17965479249831912	0.18012145812464536	0.18472319115408536	0.18827221769927333	0.15449135746485945	0.25455481720679735	0.14423270978594674	0.14271569931932396	0.14031117935572537	0.13677449259437297	0.17442472764665623	0.2554460163140792	0.250895213309659	0.23147449405873913	0.2551367110089701	0.26400183121806226	0.27450271058446996	0.27277753442218083	0.2761151524864628	0.18403677858536355	0.2681767146593331	0.16423337743868022	0.23992045667343725	0.24210310061882462	0.27778687952942177	0.2627878021611708	0.25021367299879216	0.27419427119731354	0.22699507783720896	0.15849357501745448	0.11838584637431279	0.13489017069696407	0.12185584810078191	0.11687425221249279	0.11885776547597648	0.20267311598040955	0.21729008531007132	0.13055809519355982	0.15703876510711626	0.16488478832851214	0.11527738767115028	0.11379027404606154	0.16656366720395882	0.1319074113208638	0.11830635690268713	0.12971511084877443	0.12928416841372578	0.1429010907815481	0.10138759572865717	0.10371444080707419	0.12672926060368378	0.13021278117001087	0.14092766693081044	0.133842559907847
G1-130	0.22019537689914048	0.2617095960569889	0.16060826097735076	0.0	0.18056158172500114	0.019464129273883142	0.24597188114539573	0.23985796725280328	0.1672013706769679	0.28749365932881105	0.24987048916148075	0.28709451877720726	0.32885663332418186	0.3252457801660702	0.288063226748015	0.2959055690180631	0.2556155983196384	0.21250939521173023	0.25438290445587547	0.2859943469474351	0.2794980869443339	0.24781375027901467	0.25514537081972016	0.27907945462786365	0.2863911887429736	0.27809842582983296	0.2802771319164691	0.2878825722793093	0.26629578756934785	0.28380391688682227	0.27965820040589656	0.2859051667142428	0.24339198786026683	0.2514742348686669	0.2778635476275526	0.2765979084484609	0.2770240971101176	0.2756323288980312	0.27692408004708935	0.27587159132081857	0.27773240235031477	0.27742928148660523	0.27118788225200474	0.24827846151250485	0.2598720171008492	0.2799203309264136	0.24815890208530236	0.25836998572879694	0.2594208858179711	0.25424213012516966	0.33271884292634607	0.3164533632789811	0.33201109338147816	0.3324777590078044	0.33707949203724424	0.3406285185824322	0.30670935222388257	0.24653339079026687	0.2916912573955632	0.2922137301837158	0.28844955466693367	0.2859618315766689	0.32664272240567926	0.24742458989754873	0.24287378689312844	0.24457347453365613	0.2542529712161625	0.25599328005766636	0.2603257378547459	0.25860056169245665	0.2757921242502983	0.2823065070929091	0.27722720091079894	0.28337389523975587	0.2793725057583076	0.2777604624457803	0.2754532990571439	0.2775303217745084	0.27823760378983053	0.27565537963295017	0.27359326467339623	0.27945424608179514	0.2735872824309377	0.2843441463912678	0.27705696441894	0.2723089951421246	0.2739265862518582	0.27485641004000977	0.2737247703905696	0.2795968005242491	0.2480341019578481	0.26857270958714485	0.27177201565083203	0.2692952581713057	0.27442306466586025	0.28124403803681464	0.2676760574792069	0.2790848114252943	0.2786538686902457	0.2714576466596325	0.2504263010593464	0.25275314613776345	0.2757679659343731	0.2793507080824075	0.2881589174875717	0.2828812652385363
G1-131	0.13378943553576816	0.09746145305001153	0.18489018502654656	0.18056158172500114	0.0	0.1939457521149591	0.1405282570867989	0.08087352005261657	0.028829922541307132	0.2583495254035717	0.07889777117050921	0.25643634415361355	0.32107689475327894	0.3162624948382888	0.2174468332084504	0.2810818275108815	0.18021584894861997	0.049157070577415425	0.09604278508184075	0.2629916071987163	0.21103693174237426	0.08923426157591485	0.09486385197164002	0.1721966726762904	0.24278995417419225	0.18374667665425096	0.18790012042215218	0.19932930583067102	0.10408545971276974	0.13941959234310705	0.10935100518498846	0.16520742571464914	0.13601795010424153	0.08107278869371125	0.10760040757673275	0.106334768397641	0.1067169018892096	0.10536918884721135	0.10666093999626952	0.10560845126999871	0.10746926229949491	0.10716614143578537	0.15263215722746123	0.08198566149331411	0.10016266086691591	0.10961313570550554	0.08529537290938988	0.09787010630201845	0.096272824564385	0.09397291296820029	0.32518019266849374	0.3066795547583545	0.32388748430861	0.3243541499349362	0.3296099948414599	0.33388039151742527	0.29814666969363185	0.11770550660647663	0.28166724284182026	0.24611179506628877	0.2728394278531894	0.25184750133081735	0.31921064395349047	0.10898970107476896	0.1431002233993138	0.07337058551387454	0.17243743649172935	0.0922407958395822	0.09648993559722917	0.09538524218517695	0.10541577596732235	0.11675810613314375	0.10696406085997903	0.13010710186699503	0.10906531053739951	0.1074532672248723	0.10519015900632402	0.10726718172368854	0.10797446373901076	0.10539223958213033	0.10289760588915145	0.12881842185163273	0.2215468998998931	0.18594939851328213	0.22115696291654277	0.18977553213106182	0.20665487738973268	0.10785055900336377	0.09850770776283885	0.20000997433003984	0.15732344387793093	0.18764598789187525	0.23116320821821074	0.18327753010965084	0.11180516947175392	0.2139137895390853	0.16619002908581965	0.20651803234910407	0.18239290268203542	0.12512403015826087	0.19882707836479926	0.17034588437126488	0.2097774357275399	0.21738011632977733	0.28039421613157817	0.2227016262703781
G1-132	0.23269553147120917	0.27438168588004025	0.16872365689228672	0.019464129273883142	0.1939457521149591	0.0	0.25893483459991457	0.25304350199924186	0.18016381237462292	0.2999938140008798	0.2632215856908696	0.29966382641134387	0.3240032042711506	0.32039235111303893	0.3001741516331591	0.3059770106484317	0.26880113306607695	0.22539747565585244	0.27296301791186955	0.298494501519504	0.29199824151640263	0.266188211444985	0.27178408480166877	0.2915796093499324	0.29889134336504225	0.2905985805519017	0.2927772866385378	0.2999934971644533	0.2789945777849359	0.296009092726014	0.2918633762450883	0.29811034255343455	0.2555971636994586	0.26358516000381105	0.29011277863683244	0.2888471394577408	0.28922927294930945	0.2878815599073111	0.2891733110563693	0.28812082233009845	0.2899816333595947	0.28967851249588517	0.2838866724675928	0.26102130689818104	0.2783068956983972	0.29212550676560534	0.26721883133783675	0.2768048643263451	0.2778557644155192	0.2726329535526296	0.3278654138733148	0.3115999342259499	0.32715766432844684	0.32762432995477303	0.3322260629842132	0.33577508952940094	0.30439598045473454	0.2657988844206307	0.3004972944767961	0.30441890602290766	0.30065473050612546	0.29864434759296166	0.32192759947678395	0.26669008352791257	0.26213928052349234	0.25789731570423063	0.2622112111782195	0.27511353882958434	0.278760616452294	0.27703544029000476	0.28792814702742214	0.2945116829321009	0.2894764319200788	0.29557907107894765	0.29157768159749936	0.2899656382849721	0.2877025300664239	0.2897795527837883	0.29048683479911047	0.28790461064223005	0.28637519460150096	0.2918701253860799	0.2869771436642882	0.2965933774005478	0.2904802189513265	0.2853322305964643	0.287449062765952	0.28774696605357136	0.2860577020624426	0.2922955907398372	0.2612196367042867	0.27251853855749686	0.284001044563437	0.2824807929177442	0.2865232643699171	0.29374419260888346	0.2801762120512757	0.291584965997363	0.29115402326231443	0.2842432265380592	0.26312509127493455	0.2654519363533515	0.2884667561499611	0.29195027671628815	0.29729268818549154	0.29558005545412425
G1-135	0.18700271143278355	0.13273228180236515	0.23254508546499228	0.24597188114539573	0.1405282570867989	0.25893483459991457	0.0	0.11279042340656417	0.14142225458589502	0.23011029430992863	0.12234550829292234	0.22819711305997042	0.29464048503682017	0.2875792529065457	0.2103953787764626	0.2536021323360169	0.130069832869637	0.14611983522039979	0.12791167559775896	0.23475237615507322	0.20179421120492436	0.12587626543266944	0.12479639762120882	0.1833186890306332	0.21900957746526956	0.18811387960536965	0.19190305693957155	0.20205679128865534	0.1443529716215836	0.1720414838188064	0.14715079114622884	0.18501997767169573	0.1833001000146632	0.13227377320273548	0.12327196620925324	0.12891587709439875	0.12175268809022648	0.12380546499215683	0.1254473597851127	0.12818955996675646	0.12586013193838258	0.12351752781989767	0.1737147488110042	0.11059780962407333	0.12774344722509495	0.14232444329790925	0.07943583758888403	0.12510074901629972	0.12640385341224605	0.12421821090722615	0.296146807092853	0.2779963128266116	0.2952042423768669	0.2956709080031931	0.3009267529097168	0.3048470059417845	0.2701034841362098	0.04605391065417528	0.2546583124727052	0.2251920926274524	0.24484029746585553	0.22421240369929607	0.2905274020217474	0.05516967185389481	0.022853518230784655	0.10264115819478457	0.04743807883048634	0.11022625975658396	0.1242363840644584	0.12271866708837298	0.12804094028416826	0.15898700224783266	0.12195579174090772	0.1675324956621892	0.13497834166388523	0.13233632590586847	0.1293184685131413	0.12429839585939263	0.12976447213585748	0.12572586018103307	0.13235073700036898	0.16435895024702826	0.17281138849427422	0.1922967181194142	0.18575624847218541	0.14492575296327842	0.17069990215874944	0.12764299027921616	0.13374460709672975	0.19476755247123054	0.07583961664788588	0.08109729096484145	0.17615203534451937	0.15291675151238568	0.15623615248815612	0.2032198764532987	0.1827870685303775	0.19990081101782758	0.18279845319211405	0.1498862595600831	0.2085128449910203	0.19324343591881038	0.2034583183504478	0.20666332477507982	0.2543792692980218	0.2090699695511888
G1-136	0.10422350063308833	0.03938875067824894	0.17928628983652603	0.23985796725280328	0.08087352005261657	0.25304350199924186	0.11279042340656417	0.0	0.08794825935133516	0.1948169412116333	0.019751029823538	0.19300654205058992	0.2571876629190113	0.2535768097608996	0.16421758693510655	0.22183484745314513	0.10475897906087198	0.0875811471736892	0.10023230559677038	0.19901426502427233	0.14630420190004292	0.09342378209084445	0.09905337248656967	0.10925862451648638	0.18024609718145906	0.12018067445089434	0.12720634292988386	0.14627199480830974	0.04904142177434139	0.08264895872813803	0.059117921558744055	0.10763620837976431	0.10222938400156709	0.09587069020905976	0.1033418442295369	0.1115629273202315	0.10435568314597105	0.10645251521798957	0.10809441001094547	0.11083661019258918	0.09372397668251269	0.09911288918067498	0.08731845489441795	0.0798746783829433	0.1050997887928866	0.05973019572315888	0.07783343046003284	0.10324761377693667	0.10429851461611077	0.09907570300322115	0.26076888193934566	0.2447843928738107	0.26034212297630754	0.2608087886026338	0.2655488277562096	0.26946908078827725	0.2351743096092897	0.10091937125013371	0.21931157589096642	0.18648493395310964	0.21049843275107402	0.18778633439556702	0.25545782343498424	0.0918036100504142	0.1269305046301018	0.06171325723857089	0.15692620853315922	0.0875826018243756	0.1052033661528855	0.10347819004059632	0.11055582499973651	0.06959447715716428	0.1027054975127832	0.07813997057152082	0.07436112918671099	0.07619362948820058	0.11196551873897401	0.09731658501462088	0.08474245585224219	0.10837291040686582	0.06095725772764218	0.0750654526460204	0.1458786474325608	0.12846629141857357	0.1489539515244064	0.1168823987644269	0.13143494427387223	0.044776783396792995	0.053271226175431736	0.13924891938341838	0.08178274907937656	0.11184525005216193	0.15510043452477595	0.10775262685131091	0.06631544166447656	0.1513119289225024	0.10805221225285307	0.1435389381838539	0.12184799238531178	0.07030175997317412	0.1460478827440687	0.11144467272075015	0.1462306671968733	0.15473887299462782	0.21602734714466976	0.15981573401497057
G1-138	0.13000312288515975	0.11837068157948445	0.1614962483046699	0.1672013706769679	0.028829922541307132	0.18016381237462292	0.14142225458589502	0.08794825935133516	0.0	0.2535968458903316	0.08760528303248746	0.25168366474037346	0.31581354502393694	0.3109991451089468	0.21218348347910837	0.2758184777815394	0.17200293917452988	0.07503444974708022	0.12449733640705461	0.25823892793547626	0.20721748107116175	0.11768881290112868	0.12336245846694205	0.16837722205507794	0.23793728579394918	0.17992722603303854	0.183480737098922	0.1921746683405198	0.12260669328188063	0.13744039347822523	0.1264963994813815	0.15762414081035667	0.12843466519994914	0.1019688168279306	0.12470174670303759	0.12343610752394586	0.12386229618560264	0.1224705279735162	0.12376227912257434	0.12270979039630354	0.12457060142579973	0.12426748056209022	0.1491440226022539	0.10318215089870401	0.12894852823813485	0.12675853000189855	0.11032302336275471	0.12665597367323742	0.125058691935604	0.12280283550950741	0.3199168429391518	0.3014162050290126	0.3186241345792679	0.31909080020559416	0.324346645112118	0.3286170417880833	0.2928833199642898	0.12752206638144128	0.2764479482825663	0.24089250050703484	0.26762013329393547	0.24735073309849806	0.3139472942241486	0.11880626084973366	0.15268347640127158	0.09085291392149844	0.18085415237865254	0.11759976233895214	0.12527580296844815	0.12417110955639599	0.12256117071371535	0.1291447061683941	0.12406539998628388	0.13293140532160802	0.12621070528379252	0.12459866152126532	0.12418884258658613	0.12436852084999338	0.12507580286531556	0.1224935787084352	0.12089731177130707	0.1297913813138451	0.213300085031611	0.17883596938347518	0.2131756347498867	0.18122875076177086	0.19897364363244757	0.11476726485960048	0.11426179279208751	0.19602247027500863	0.15519565407916602	0.18443841447350676	0.22260627652302362	0.17589766889218839	0.115440703858552	0.2098610320948659	0.16187063507959246	0.2026319225998897	0.17750690486279133	0.1151644234926824	0.19487271203037212	0.16685774974605755	0.20609008994191452	0.21339325163997205	0.27557411056674813	0.2187811646301428
G1-139	0.12613812210727168	0.18815431826425244	0.13812395900229113	0.28749365932881105	0.2583495254035717	0.2999938140008798	0.23011029430992863	0.1948169412116333	0.2535968458903316	0.0	0.18699093615113024	0.0022064766474832703	0.06896758849780235	0.061605792161614006	0.04317944132058323	0.029863830853859543	0.11855831194866714	0.2535030345302183	0.2617229046416962	0.007826540016095918	0.049129472218951656	0.2610582548253462	0.25856357149505776	0.08835036520087347	0.019038419170003127	0.07609138800538831	0.08106952847402425	0.06784826182275044	0.16445769465190424	0.13816464439780612	0.19351842086715743	0.10893917251997075	0.15786067310628288	0.2600067454830285	0.254058592511671	0.2620956783829372	0.25488843420867674	0.2583256099428118	0.25862716107365114	0.2620547414296647	0.24425672774521837	0.24964564024338065	0.11038564228898441	0.24498014094742002	0.2605931715278243	0.20646825772795002	0.25460697639846486	0.26014073918605846	0.2634159332632564	0.2585716828881876	0.0712590580302382	0.05270130505679649	0.06867945194376612	0.06914611757009237	0.07383205673081925	0.07979471484862666	0.04395529798498517	0.25186047469356504	0.02908276428488066	0.030999720419873814	0.019069999135458898	0.008494374404694043	0.062328684914817106	0.25275167380084684	0.24919107081464542	0.23836656007837123	0.269312789883209	0.2608986425325601	0.26142039916645143	0.25924694213324784	0.26177395623681204	0.168481540120285	0.2532382485754889	0.14876624931377805	0.22396872167756532	0.22762617251214123	0.2638386134637962	0.24784933607732662	0.23527520691494785	0.26024600513168805	0.21237517463032668	0.144273627128584	0.07142696602741667	0.08595830041104104	0.05560129221466369	0.10064528474061525	0.07078547614028219	0.19731046979070177	0.20350545927411723	0.05879086550862546	0.1675241932821697	0.1830845075530816	0.06919102348521135	0.09134803970128108	0.15565235288943305	0.044435736514486374	0.09716744063776517	0.05303609522373535	0.10570947202633323	0.1396247941642979	0.06056059414667368	0.09016452219828634	0.04951101535222584	0.040969409173794276	0.02823546137850814	0.03584634229660813
G1-14	0.10190375406705746	0.03897061068656635	0.17621609992105683	0.24987048916148075	0.07889777117050921	0.2632215856908696	0.12234550829292234	0.019751029823538	0.08760528303248746	0.18699093615113024	0.0	0.18507775490117218	0.2497183055008376	0.2449039055858474	0.1464321144579743	0.20972323825844008	0.10131807777811078	0.09725116259397988	0.10965103196877186	0.1916330179462749	0.13994497955194077	0.1042007028699216	0.10847209885857112	0.10110472053585694	0.1714313649217509	0.11265472451381754	0.11654153121971086	0.1284865223311775	0.04183300230197914	0.0683693496574098	0.04710718476836505	0.0941571830289519	0.09207110234930882	0.10002385341086172	0.10417426373278471	0.11239534682347929	0.10518810264921884	0.10763507836513511	0.10892682951419325	0.11166902969583697	0.09455639618576048	0.09994530868392279	0.08157327889759687	0.08803760427498525	0.11380398161441613	0.05685603650866847	0.09136443787825314	0.11151142704951868	0.10991414531188524	0.1076142337157005	0.2538216034160525	0.23532096550591322	0.2525288950561686	0.25299556068249485	0.25825140558901866	0.26252180226498395	0.22678808044119045	0.11496815065626612	0.21030865358937886	0.1747532058138474	0.201480838600748	0.180488912128376	0.24785205470104912	0.10625234512455844	0.1401295606760964	0.07189576881024014	0.1694334434795109	0.09834293466901455	0.11013125634472941	0.10902656293267719	0.11147635484316064	0.05451428436652028	0.10353791701603098	0.06305977778087682	0.07528165903013513	0.07746430297552247	0.11314808188611958	0.09814900451786869	0.08557487535549	0.10955547355401138	0.06152457296605799	0.05986401149459605	0.1426491287293838	0.11489915582758482	0.14225919174603352	0.11087776096055256	0.12779018007979254	0.0356104652530169	0.047855411906162784	0.12868445893816757	0.0784256727074217	0.10874822077136603	0.1522654370477015	0.10447974830614454	0.04736705573158685	0.14258853057564486	0.09483144033337831	0.1353594210806687	0.11103431342959406	0.0529104863100278	0.14243009194337686	0.1089981027419097	0.13865189831967353	0.146021527577336	0.2090356268791368	0.1513761111285058
G1-140	0.12432772294622824	0.18627476604114107	0.1377939714127553	0.28709451877720726	0.25643634415361355	0.29966382641134387	0.22819711305997042	0.19300654205058992	0.25168366474037346	0.0022064766474832703	0.18507775490117218	0.0	0.07053494341222384	0.06307036488712074	0.0412662597206251	0.03132840477936629	0.11705383161871057	0.2516234823071069	0.25984335241858475	0.009966613841663457	0.04789179026905433	0.25917870260223497	0.2566840192719464	0.08685216334851992	0.017462960886603558	0.0740204689418887	0.07899860941052461	0.0659350805727923	0.16264729559086083	0.13595816965032284	0.19131194611967417	0.1072613598135454	0.15578636386906403	0.2578694237976132	0.2518521177641877	0.25988920363545387	0.25268195946119343	0.25611913519532853	0.2564206863261678	0.2598482666821814	0.2420502529977351	0.24743916549589742	0.108575243227941	0.2430669596974619	0.2587827724667809	0.20426178298046677	0.2527274241753535	0.2583303401250151	0.2615027520132983	0.25676128382714425	0.07282641294465968	0.05416587778230325	0.0702468068581876	0.07071347248451383	0.07539941164524072	0.08136206976304813	0.04512657721296676	0.24998092247045367	0.030254043512862257	0.028925411182655014	0.020241278363440498	0.00668122310349845	0.06382688676717065	0.25087212157773553	0.24731151859153414	0.23616008523088794	0.2682338214800135	0.2590882434715167	0.2595072179164934	0.25733376088328974	0.25956748148932873	0.1662750653728017	0.2510317738280056	0.14655977456629482	0.2221587434608755	0.22541969776465795	0.26163213871631297	0.24564286132984328	0.2330687321674646	0.25803953038420474	0.2101686998328433	0.14206715238110068	0.07034799767422115	0.08375182566355777	0.05391558870491055	0.09843881004313194	0.06890592411717085	0.1951921053833947	0.2015922780241591	0.056877684258667335	0.16651437789104212	0.1826474094231001	0.06818120814408374	0.08953764054023769	0.15373917163947495	0.04252255516452824	0.09525425928780706	0.05112291387377721	0.1037962907263751	0.13771161291433975	0.05875019508563027	0.08835412313724292	0.047700616291182434	0.03905622782383616	0.029802816292929607	0.034035943235564727
G1-141	0.1884984176714083	0.25078269479179377	0.17650033244102284	0.32885663332418186	0.32107689475327894	0.3240032042711506	0.29464048503682017	0.2571876629190113	0.31581354502393694	0.06896758849780235	0.2497183055008376	0.07053494341222384	0.0	0.009483239161298111	0.10693375305633372	0.04529639606284097	0.17979623541925038	0.31638233939597116	0.3255638581962147	0.06273208523088686	0.1150558644300217	0.3242708922813322	0.3224485802196645	0.1570413414504041	0.0868385622515377	0.1430555075729442	0.14692409922733382	0.13125207885341747	0.22865439176223754	0.2048197497027579	0.2594917123445075	0.1765634915668621	0.22314142522494412	0.3249944491251176	0.32030942474675356	0.3285305078374482	0.32136731883327585	0.323770239379104	0.3250619905281621	0.3284895708841757	0.31069155719972935	0.3160804696978916	0.1735469461965833	0.3097045788482049	0.3260687600584408	0.27303525269272555	0.3188962108238979	0.32508017360977587	0.32735587963994106	0.3222473378682163	0.005055344711770988	0.017846266423719937	0.00428779256408854	0.003821125537762312	0.009232930918208896	0.013955543464842346	0.02779384511335243	0.31768182828452124	0.04529583571543349	0.09745969909818505	0.05418310930938203	0.07526622272453992	0.006777212507121091	0.3185730273918031	0.31402222438738286	0.3044828590135361	0.30904125835202984	0.32637145712354476	0.3263505455613549	0.32462536939906567	0.32834095120158746	0.23557719712611835	0.3196730780299997	0.21577379597943516	0.2914608752141921	0.2936435191595795	0.3292832429000885	0.31428416553183747	0.3017100363694588	0.3256906345679802	0.27994321136087114	0.21144170844111668	0.1319507490230956	0.15239312986555203	0.12183099210511969	0.1679443783176729	0.13780635431988694	0.26449423713671144	0.2691819749070444	0.12431768899222725	0.22406690621989098	0.21641420557209307	0.1190709147732508	0.15698942261900897	0.21927930089254266	0.11048824823787311	0.16024725109817778	0.11706415169059627	0.1700007066679837	0.20422184689309045	0.12330267496899239	0.15301317482626847	0.1122971513446327	0.1043135508047359	0.043135289283471226	0.10225129558070013
G1-142	0.18471562926231389	0.24717184163368203	0.1728894792829111	0.3252457801660702	0.3162624948382888	0.32039235111303893	0.2875792529065457	0.2535768097608996	0.3109991451089468	0.061605792161614006	0.2449039055858474	0.06307036488712074	0.009483239161298111	0.0	0.09881566162983836	0.03581315690154301	0.17601344701015584	0.3121431701393267	0.32069637284103764	0.055884199839272085	0.1091981790566257	0.3200317230246877	0.3175810948644874	0.14947398073638632	0.08026140155573856	0.13647834687714522	0.14133713849975363	0.12328481994678857	0.22342502248737434	0.19718572971073814	0.25284789237070654	0.16892947157484228	0.21755446454736388	0.3194074884475374	0.3128594019741622	0.3209298174844293	0.3137666284802571	0.31715974904430394	0.31742797053614236	0.32085555089215584	0.30305753720770956	0.3084464497058719	0.16930777693993881	0.3041176181706249	0.31922087466682614	0.2654012327007057	0.3140287254687208	0.31860390029451724	0.32128484752788544	0.31703598201107375	0.012158927920098176	0.009695011797662799	0.010123469711916343	0.009656802685590117	0.015412478568001986	0.02102596197360765	0.022206886335772228	0.3108339428929065	0.03970887693785329	0.09026033282302409	0.04859614983180184	0.06841833803292513	0.00647927628860666	0.31172514200018836	0.30816453901398677	0.29889589833595587	0.3019878085825857	0.31970756895135843	0.3192893134310804	0.31756413726879124	0.3207402608485687	0.22794317713409862	0.31203905803798	0.20813977598741537	0.2838268552221723	0.28699969918577856	0.32263942292628744	0.30665014553981784	0.2940760163774391	0.3190468145941792	0.2723758506468534	0.2038743477270989	0.12510286363148082	0.14475910987353227	0.11457197795784606	0.1603770176036551	0.13085568673935744	0.25689354678369264	0.2611305427585511	0.1172564568619528	0.22045605306177918	0.21520510357372877	0.11321322939985481	0.14996960197641152	0.21320826878048704	0.10243681608937982	0.15543285118318756	0.1109931195785406	0.16392967455592802	0.19716061476281596	0.11917601605793275	0.1494023216681567	0.10817049243357305	0.09949915088974566	0.03889612172682678	0.09454373393417212
G1-143	0.0953564064365209	0.1578126188078889	0.1384709449295753	0.288063226748015	0.2174468332084504	0.3001741516331591	0.2103953787764626	0.16421758693510655	0.21218348347910837	0.04317944132058323	0.1464321144579743	0.0412662597206251	0.10693375305633372	0.09881566162983836	0.0	0.06363499460243119	0.10351208179154159	0.22278394731353368	0.2313371500152445	0.049192283564467504	0.019838956230832684	0.23067250019889457	0.22822187203869435	0.05929250039927556	0.028510081842419526	0.046707995295693326	0.04910001438434858	0.024668820852167213	0.13406579966158125	0.10217348649463567	0.15783564915460413	0.07391722835873987	0.12254222133126148	0.22439524523143503	0.21784715875805977	0.22591757426832695	0.21875438526415464	0.22214750582820159	0.2224157273200399	0.2258433076760535	0.20804529399160715	0.21343420648976943	0.07994855411414581	0.21475839534483182	0.22986165184103305	0.1703889894846033	0.22466950264292768	0.22924467746872423	0.22986240169030067	0.22767675918528077	0.10944226929163306	0.08923272154990432	0.1065739843862529	0.10690731672648593	0.11216316163300964	0.11814246814056462	0.08381305203996027	0.2214747200671134	0.068401202675412	0.030144643286050633	0.05881650248161386	0.03693332817874966	0.10289662626338132	0.2223659191743953	0.22921290454709906	0.20806400782631557	0.2558601066322455	0.2303483461255654	0.22717912658956507	0.2260744331775129	0.22572801763246628	0.13293093391799618	0.21702681482187763	0.11312753277131295	0.18881461200606994	0.1919874559696761	0.227627179710185	0.21163790232371532	0.19906377316133664	0.2240345713780768	0.177363607430751	0.10886210451099647	0.05851150328336389	0.04974686665742986	0.04028069944165796	0.0779169535965033	0.051949651761416804	0.1618813035675902	0.16231488112871276	0.025731228835453344	0.15351317439362844	0.16987798534330453	0.05507677185077779	0.0622115465904501	0.11439260715064872	0.012905658712604146	0.06108750607889794	0.021633897052747597	0.07443877361408974	0.09834495313297766	0.039499845781101085	0.06004309884236369	0.018811269607780023	0.010139928063952612	0.06882183343136207	0.008562267283844002
G1-144	0.1529736669545595	0.21542987932592755	0.14835277045439882	0.2959055690180631	0.2810818275108815	0.3059770106484317	0.2536021323360169	0.22183484745314513	0.2758184777815394	0.029863830853859543	0.20972323825844008	0.03132840477936629	0.04529639606284097	0.03581315690154301	0.06363499460243119	0.0	0.14427148470240153	0.28040120783157224	0.2889544105332832	0.02414223833151761	0.07745621674887126	0.28828976071693324	0.28583913255673293	0.11690976091731416	0.0474916174588371	0.1043252558137319	0.1075395324137049	0.08810415261938141	0.19168306017961986	0.16338812362468935	0.21905028628465784	0.13513186548879355	0.18375685846131512	0.2856098823614887	0.2790617958881135	0.28713221139838063	0.27996902239420834	0.28336214295825524	0.28363036445009354	0.28705794480610713	0.2692599311216608	0.2746488436198231	0.1375658146321844	0.2723756558628703	0.2874789123590717	0.23160362661465697	0.28228676316096624	0.2868619379867628	0.2874796622083392	0.2852940197033193	0.04797208482164104	0.027828866379036064	0.0459366266134592	0.04546995958713298	0.051225635469544846	0.05683911887515051	0.023208858966728474	0.27909198058515206	0.009694354006137409	0.0564627267369753	0.015518021768156053	0.03667637842517066	0.04229243319014952	0.2799831796924339	0.2764225767062324	0.2656812683443542	0.2854569369532314	0.28796560664360393	0.2847963871076037	0.2836916936955515	0.28694265476251996	0.19414557104804983	0.2782414519519313	0.17434216990136658	0.2500292491361236	0.2532020930997298	0.28884181684023874	0.2728525394537691	0.2602784102913903	0.28524920850813046	0.2385782445608046	0.1700767416410501	0.09336090132372638	0.1109615037874835	0.08283001615009157	0.12668219370652103	0.099113724431603	0.22309594069764388	0.22594987543114387	0.08334848935349193	0.18871409075402473	0.1994748156642903	0.08467360247176352	0.11822763966865708	0.17802760145307975	0.07052291953064271	0.12025218385578029	0.07925115787078617	0.12960868348343393	0.1619799474354087	0.08743405375017828	0.11766035936040227	0.07642853042581861	0.06775718858199119	0.010114985062087488	0.06280177232641766
G1-15	0.07213374587730201	0.12641072691431265	0.10956420009357665	0.2556155983196384	0.18021584894861997	0.26880113306607695	0.130069832869637	0.10475897906087198	0.17200293917452988	0.11855831194866714	0.10131807777811078	0.11705383161871057	0.17979623541925038	0.17601344701015584	0.10351208179154159	0.14427148470240153	0.0	0.18599185110657204	0.19709114819651818	0.12125967063271893	0.09109899997516223	0.19362121913410552	0.19536378306398433	0.0737122872517793	0.10992005616001843	0.07875487650537179	0.08228529860528473	0.09517349430373429	0.1041943135445802	0.08126865734304208	0.13563223349417455	0.07629411106642632	0.10313537741520956	0.19480859765199318	0.1969786079374785	0.20519969102817315	0.19799244685391268	0.20043942256982894	0.20173117371888707	0.2044733739005308	0.1873607403904543	0.19274965288861662	0.06092850217781066	0.17758136316332418	0.20174084735104794	0.14957227037318596	0.15413086782868646	0.19989494547703046	0.20112984278563303	0.19572303470331498	0.18389953333446518	0.1672210301230671	0.182778760225564	0.18324542585189024	0.1883293355074313	0.19259973218339668	0.15809939662657982	0.15291648528930984	0.14223666290825648	0.1159142337638977	0.13324729913801142	0.11369571101669405	0.17803276680837662	0.15380768439659168	0.14925688139217133	0.16292103902078978	0.17151335596720654	0.18422365988253694	0.20185069760297936	0.20012552144069015	0.20419258870767817	0.11171771827578542	0.1963422612207248	0.09191431712910217	0.16760139636385923	0.16978404030924651	0.2059524260908134	0.19095334872256248	0.17837921956018382	0.20235981775870518	0.15482713659019373	0.0859166911547011	0.0535448571510299	0.0825483754657047	0.0672135442791227	0.030292740781115095	0.053923623288548286	0.11798108424351114	0.14500469845759154	0.08734708697872799	0.059993776043801295	0.0815294397587859	0.06383810225812955	0.04226789316951925	0.09406892165052237	0.09380763872787981	0.06829296027317174	0.08958677215049922	0.06630574121521617	0.0697629421436271	0.08811949639527963	0.07215607312720664	0.08913309508193897	0.09443582305260066	0.1390479897406097	0.09878948471211672
G1-175	0.1474261327637137	0.08416141203862615	0.21910986578176	0.21250939521173023	0.049157070577415425	0.22539747565585244	0.14611983522039979	0.0875811471736892	0.07503444974708022	0.2535030345302183	0.09725116259397988	0.2516234823071069	0.31638233939597116	0.3121431701393267	0.22278394731353368	0.28040120783157224	0.18599185110657204	0.0	0.08091245437820979	0.25845361179783966	0.20502399877334096	0.07148174679915889	0.08111510027736357	0.1682213300833431	0.23893219050004408	0.17886676776947935	0.18609989543467265	0.20324558041372026	0.09055623576266335	0.1403961620526714	0.10473115845720993	0.1661839954242135	0.12399340608387652	0.06983069663876167	0.10293045110876924	0.10202101014367201	0.1024471988053288	0.10070528694934461	0.10234718174230052	0.10149843716335108	0.1031555040455259	0.10285238318181637	0.14590881530465555	0.06896155967719583	0.08964902841621739	0.10534343262162474	0.08409710553972632	0.08800059779758881	0.08559844051185636	0.08261856721494679	0.3194698334030263	0.3033507532522378	0.3189084833547347	0.31937514898106095	0.32397688201050084	0.3273795090591125	0.29323978749957663	0.11973075076882081	0.27700429878939714	0.24378104969874623	0.26869607620162544	0.24620195607975173	0.3138734449691689	0.11061498956910128	0.14574188414878889	0.05965162061595966	0.17645706347424933	0.08765520032489534	0.0897526063762163	0.08802743041392709	0.10141897009283082	0.11373175724312914	0.10265030260601003	0.13108367157655945	0.10479560745351868	0.10283342049709374	0.10052625710845724	0.10295342346971956	0.10366070548504172	0.10072833768426359	0.09908583396793984	0.1300209565796383	0.22278434667707092	0.18749314549472246	0.2232465654186095	0.19399366238676646	0.20850215272612357	0.11628661047581233	0.09941278377050802	0.19871805240317164	0.16173709046900797	0.1891100008208892	0.23208737396704995	0.1853499111176145	0.11664117565644776	0.21061374342992153	0.16592075374037152	0.20157149349119546	0.18044065237450732	0.13743997764204263	0.20441746218652396	0.17306177547774365	0.20567305773274422	0.21453140717439656	0.2740875328569392	0.21897995209620655
