	G1-115	G1-116	G1-13	G1-131	G1-132	G1-135	G1-136	G1-138	G1-14	G1-15	G1-161	G1-162	G1-177	G1-178	G2-410	G2-411	G2-412	G2-413	G2-414	G2-415	G2-416	G3-417	G3-418	G3-419	G3-420	G3-421	G3-422	G3-423	G3-424	G3-47	G3-48	G3-49
G1-115	0.0	0.24792332268370607	0.9009584664536742	0.6945686900958467	0.9118210862619809	0.7865814696485623	0.6626198083067093	0.8376996805111822	0.6964856230031949	0.7329073482428115	0.5060702875399361	0.5124600638977636	0.7725239616613419	0.6824281150159744	0.32012779552715653	0.23322683706070288	0.23833865814696487	0.8434504792332268	0.7424920127795527	0.8223642172523962	0.9482428115015974	0.802555910543131	0.6498402555910543	0.7680511182108626	0.6543130990415336	0.6511182108626198	0.6613418530351438	0.7482428115015974	0.797444089456869	0.1412140575079872	0.16485623003194888	0.5373801916932908
G1-116	0.24792332268370607	0.0	0.9047923322683706	0.6792332268370607	0.9156549520766774	0.7699680511182109	0.4485623003194888	0.8217252396166134	0.6798722044728435	0.736741214057508	0.2645367412140575	0.26773162939297124	0.7757188498402556	0.602555910543131	0.34760383386581467	0.19233226837060702	0.2613418530351438	0.8281150159744409	0.726517571884984	0.8261980830670926	0.952076677316294	0.8038338658146965	0.6523961661341853	0.7552715654952077	0.6575079872204472	0.6376996805111821	0.6638977635782748	0.7354632587859425	0.7833865814696486	0.22044728434504793	0.2792332268370607	0.5392971246006389
G1-13	0.9009584664536742	0.9047923322683706	0.0	0.5789137380191693	0.536741214057508	0.708626198083067	0.5437699680511182	0.49904153354632586	0.5418530351437699	0.465814696485623	0.9003194888178914	0.9073482428115016	0.4549520766773163	0.4830670926517572	0.8990415335463259	0.8990415335463259	0.8926517571884984	0.6805111821086262	0.40319488817891375	0.5591054313099042	0.7833865814696486	0.38338658146964855	0.38849840255591056	0.5955271565495208	0.4638977635782748	0.4645367412140575	0.46645367412140576	0.4626198083067093	0.4779552715654952	0.8900958466453675	0.8984025559105431	0.7884984025559105
G1-131	0.6945686900958467	0.6792332268370607	0.5789137380191693	0.0	0.5392971246006389	0.6447284345047923	0.6146964856230032	0.17635782747603834	0.30095846645367413	0.65814696485623	0.6543130990415336	0.6779552715654952	0.7648562300319489	0.7405750798722045	0.5597444089456869	0.5840255591054313	0.5552715654952076	0.48434504792332267	0.6479233226837061	0.7693290734824281	0.9022364217252397	0.7654952076677316	0.6690095846645367	0.470926517571885	0.6932907348242812	0.5680511182108626	0.6984025559105431	0.668370607028754	0.4594249201277955	0.678594249201278	0.6070287539936102	0.7405750798722045
G1-132	0.9118210862619809	0.9156549520766774	0.536741214057508	0.5392971246006389	0.0	0.8613418530351438	0.7853035143769969	0.5271565495207667	0.787220447284345	0.8287539936102236	0.9111821086261981	0.9182108626198083	0.8952076677316294	0.8977635782747604	0.9092651757188498	0.9092651757188498	0.9060702875399361	0.8523961661341853	0.8543130990415335	0.8472843450479233	0.8945686900958466	0.873482428115016	0.8638977635782747	0.9041533546325878	0.8952076677316294	0.8964856230031949	0.9060702875399361	0.8945686900958466	0.8677316293929712	0.9003194888178914	0.9086261980830671	0.7987220447284346
G1-135	0.7865814696485623	0.7699680511182109	0.708626198083067	0.6447284345047923	0.8613418530351438	0.0	0.6261980830670927	0.6389776357827476	0.5035143769968051	0.4249201277955272	0.7456869009584665	0.7680511182108626	0.7527156549520767	0.7565495207667732	0.6990415335463259	0.6990415335463259	0.6926517571884984	0.6677316293929713	0.6332268370607029	0.2134185303514377	0.29456869009584663	0.5303514376996805	0.49584664536741213	0.6159744408945687	0.7182108626198083	0.6083067092651757	0.7143769968051118	0.6223642172523962	0.5597444089456869	0.7706070287539936	0.6984025559105431	0.8223642172523962
G1-136	0.6626198083067093	0.4485623003194888	0.5437699680511182	0.6146964856230032	0.7853035143769969	0.6261980830670927	0.0	0.6996805111821086	0.4115015974440895	0.4696485623003195	0.44920127795527154	0.45559105431309904	0.5942492012779552	0.41980830670926517	0.7731629392971247	0.6178913738019169	0.681150159744409	0.6728434504792332	0.48690095846645365	0.5514376996805112	0.7789137380191693	0.5424920127795527	0.3853035143769968	0.6421725239616614	0.5015974440894568	0.5175718849840255	0.5239616613418531	0.612779552715655	0.594888178913738	0.6319488817891373	0.7047923322683706	0.7686900958466454
G1-138	0.8376996805111822	0.8217252396166134	0.49904153354632586	0.17635782747603834	0.5271565495207667	0.6389776357827476	0.6996805111821086	0.0	0.4012779552715655	0.7175718849840256	0.797444089456869	0.8204472843450479	0.8543130990415335	0.8568690095846645	0.6568690095846645	0.7271565495207668	0.6971246006389776	0.38338658146964855	0.7258785942492013	0.7738019169329073	0.8453674121405751	0.7827476038338658	0.7533546325878594	0.412779552715655	0.8095846645367412	0.6843450479233227	0.8146964856230032	0.7226837060702875	0.4	0.8217252396166134	0.7488817891373802	0.7738019169329073
G1-14	0.6964856230031949	0.6798722044728435	0.5418530351437699	0.30095846645367413	0.787220447284345	0.5035143769968051	0.4115015974440895	0.4012779552715655	0.0	0.3731629392971246	0.6562300319488817	0.678594249201278	0.5322683706070288	0.5073482428115016	0.5610223642172524	0.5859424920127796	0.5559105431309904	0.29968051118210864	0.405111821086262	0.47987220447284346	0.7763578274760383	0.46645367412140576	0.36996805111821085	0.2715654952076677	0.46006389776357826	0.3348242811501597	0.46517571884984027	0.43578274760383384	0.22236421725239616	0.6805111821086262	0.607667731629393	0.7980830670926518
G1-15	0.7329073482428115	0.736741214057508	0.465814696485623	0.65814696485623	0.8287539936102236	0.4249201277955272	0.4696485623003195	0.7175718849840256	0.3731629392971246	0.0	0.7322683706070288	0.739297124600639	0.3961661341853035	0.3987220447284345	0.7405750798722045	0.7092651757188498	0.7047923322683706	0.6293929712460063	0.39105431309904154	0.26070287539936104	0.5303514376996805	0.28306709265175717	0.22108626198083067	0.47987220447284346	0.40638977635782747	0.3623003194888179	0.405111821086262	0.3859424920127795	0.39233226837060703	0.6881789137380192	0.6926517571884984	0.7769968051118211
G1-161	0.5060702875399361	0.2645367412140575	0.9003194888178914	0.6543130990415336	0.9111821086261981	0.7456869009584665	0.44920127795527154	0.797444089456869	0.6562300319488817	0.7322683706070288	0.0	0.030031948881789138	0.7738019169329073	0.5993610223642173	0.5846645367412141	0.4293929712460064	0.49776357827476037	0.8038338658146965	0.7060702875399361	0.8217252396166134	0.9476038338658147	0.802555910543131	0.6517571884984026	0.7329073482428115	0.6536741214057508	0.6146964856230032	0.6613418530351438	0.7118210862619808	0.7578274760383387	0.4773162939297125	0.51629392971246	0.7226837060702875
G1-162	0.5124600638977636	0.26773162939297124	0.9073482428115016	0.6779552715654952	0.9182108626198083	0.7680511182108626	0.45559105431309904	0.8204472843450479	0.678594249201278	0.739297124600639	0.030031948881789138	0.0	0.7801916932907348	0.6038338658146964	0.6057507987220447	0.4504792332268371	0.5201277955271566	0.8249201277955271	0.7284345047923323	0.8287539936102236	0.954632587859425	0.8070287539936102	0.6549520766773163	0.7571884984025559	0.6587859424920128	0.6402555910543131	0.665814696485623	0.7373801916932907	0.7808306709265176	0.4849840255591054	0.5380191693290735	0.7322683706070288
G1-177	0.7725239616613419	0.7757188498402556	0.4549520766773163	0.7648562300319489	0.8952076677316294	0.7527156549520767	0.5942492012779552	0.8543130990415335	0.5322683706070288	0.3961661341853035	0.7738019169329073	0.7801916932907348	0.0	0.197444089456869	0.7821086261980831	0.7501597444089457	0.746964856230032	0.6715654952076677	0.24728434504792332	0.5482428115015975	0.7009584664536741	0.22555910543130991	0.3603833865814696	0.5175718849840255	0.1769968051118211	0.2952076677316294	0.17763578274760383	0.3539936102236422	0.4715654952076677	0.7297124600638978	0.736741214057508	0.8300319488817891
G1-178	0.6824281150159744	0.602555910543131	0.4830670926517572	0.7405750798722045	0.8977635782747604	0.7565495207667732	0.41980830670926517	0.8568690095846645	0.5073482428115016	0.3987220447284345	0.5993610223642173	0.6038338658146964	0.197444089456869	0.0	0.7827476038338658	0.6166134185303515	0.6817891373801916	0.6715654952076677	0.3405750798722045	0.5507987220447285	0.6881789137380192	0.4057507987220447	0.27284345047923325	0.5207667731629393	0.2805111821086262	0.2549520766773163	0.2913738019169329	0.3782747603833866	0.4779552715654952	0.6198083067092651	0.6869009584664537	0.8415335463258786
G2-410	0.32012779552715653	0.34760383386581467	0.8990415335463259	0.5597444089456869	0.9092651757188498	0.6990415335463259	0.7731629392971247	0.6568690095846645	0.5610223642172524	0.7405750798722045	0.5846645367412141	0.6057507987220447	0.7821086261980831	0.7827476038338658	0.0	0.16996805111821087	0.11629392971246007	0.6492012779552716	0.6849840255591054	0.8127795527156549	0.9354632587859425	0.8108626198083068	0.7616613418530351	0.5872204472843451	0.7424920127795527	0.6115015974440895	0.7354632587859425	0.6696485623003194	0.5987220447284345	0.23386581469648562	0.18274760383386582	0.5329073482428115
G2-411	0.23322683706070288	0.19233226837060702	0.8990415335463259	0.5840255591054313	0.9092651757188498	0.6990415335463259	0.6178913738019169	0.7271565495207668	0.5859424920127796	0.7092651757188498	0.4293929712460064	0.4504792332268371	0.7501597444089457	0.6166134185303515	0.16996805111821087	0.0	0.07156549520766774	0.7194888178913738	0.6715654952076677	0.8038338658146965	0.923961661341853	0.8083067092651757	0.6517571884984026	0.6549520766773163	0.645367412140575	0.5194888178913738	0.6498402555910543	0.6670926517571885	0.6651757188498403	0.13099041533546327	0.13099041533546327	0.5303514376996805
G2-412	0.23833865814696487	0.2613418530351438	0.8926517571884984	0.5552715654952076	0.9060702875399361	0.6926517571884984	0.681150159744409	0.6971246006389776	0.5559105431309904	0.7047923322683706	0.49776357827476037	0.5201277955271566	0.746964856230032	0.6817891373801916	0.11629392971246007	0.07156549520766774	0.0	0.6907348242811502	0.6670926517571885	0.7987220447284346	0.9194888178913738	0.8031948881789137	0.6702875399361022	0.6261980830670927	0.6504792332268371	0.5150159744408945	0.6434504792332268	0.6619808306709265	0.6351437699680511	0.14824281150159743	0.11054313099041534	0.5303514376996805
G2-413	0.8434504792332268	0.8281150159744409	0.6805111821086262	0.48434504792332267	0.8523961661341853	0.6677316293929713	0.6728434504792332	0.38338658146964855	0.29968051118210864	0.6293929712460063	0.8038338658146965	0.8249201277955271	0.6715654952076677	0.6715654952076677	0.6492012779552716	0.7194888178913738	0.6907348242811502	0.0	0.51629392971246	0.6543130990415336	0.8613418530351438	0.6645367412140575	0.6306709265175718	0.16293929712460065	0.6159744408945687	0.5003194888178913	0.6210862619808307	0.5405750798722044	0.27284345047923325	0.823003194888179	0.74185303514377	0.8792332268370607
G2-414	0.7424920127795527	0.726517571884984	0.40319488817891375	0.6479233226837061	0.8543130990415335	0.6332268370607029	0.48690095846645365	0.7258785942492013	0.405111821086262	0.39105431309904154	0.7060702875399361	0.7284345047923323	0.24728434504792332	0.3405750798722045	0.6849840255591054	0.6715654952076677	0.6670926517571885	0.51629392971246	0.0	0.5412140575079872	0.8134185303514377	0.2939297124600639	0.3194888178913738	0.4230031948881789	0.2364217252396166	0.23067092651757187	0.2402555910543131	0.2715654952076677	0.38466453674121404	0.6907348242811502	0.6587859424920128	0.8332268370607029
G2-415	0.8223642172523962	0.8261980830670926	0.5591054313099042	0.7693290734824281	0.8472843450479233	0.2134185303514377	0.5514376996805112	0.7738019169329073	0.47987220447284346	0.26070287539936104	0.8217252396166134	0.8287539936102236	0.5482428115015975	0.5507987220447285	0.8127795527156549	0.8038338658146965	0.7987220447284346	0.6543130990415336	0.5412140575079872	0.0	0.30862619808306707	0.36996805111821085	0.36421725239616615	0.5667731629392971	0.5559105431309904	0.5437699680511182	0.5648562300319488	0.5488817891373802	0.5111821086261981	0.794888178913738	0.8057507987220447	0.8178913738019169
G2-416	0.9482428115015974	0.952076677316294	0.7833865814696486	0.9022364217252397	0.8945686900958466	0.29456869009584663	0.7789137380191693	0.8453674121405751	0.7763578274760383	0.5303514376996805	0.9476038338658147	0.954632587859425	0.7009584664536741	0.6881789137380192	0.9354632587859425	0.923961661341853	0.9194888178913738	0.8613418530351438	0.8134185303514377	0.30862619808306707	0.0	0.6696485623003194	0.6664536741214058	0.8632587859424921	0.85814696485623	0.8178913738019169	0.860702875399361	0.8466453674121406	0.7840255591054313	0.9041533546325878	0.9092651757188498	0.9175718849840255
G3-417	0.802555910543131	0.8038338658146965	0.38338658146964855	0.7654952076677316	0.873482428115016	0.5303514376996805	0.5424920127795527	0.7827476038338658	0.46645367412140576	0.28306709265175717	0.802555910543131	0.8070287539936102	0.22555910543130991	0.4057507987220447	0.8108626198083068	0.8083067092651757	0.8031948881789137	0.6645367412140575	0.2939297124600639	0.36996805111821085	0.6696485623003194	0.0	0.18338658146964856	0.5156549520766773	0.22236421725239616	0.36996805111821085	0.22492012779552717	0.3680511182108626	0.42428115015974444	0.7993610223642172	0.810223642172524	0.8274760383386581
G3-418	0.6498402555910543	0.6523961661341853	0.38849840255591056	0.6690095846645367	0.8638977635782747	0.49584664536741213	0.3853035143769968	0.7533546325878594	0.36996805111821085	0.22108626198083067	0.6517571884984026	0.6549520766773163	0.3603833865814696	0.27284345047923325	0.7616613418530351	0.6517571884984026	0.6702875399361022	0.6306709265175718	0.3194888178913738	0.36421725239616615	0.6664536741214058	0.18338658146964856	0.0	0.4971246006389776	0.2498402555910543	0.26773162939297124	0.2690095846645367	0.3610223642172524	0.3993610223642173	0.6434504792332268	0.6932907348242812	0.8287539936102236
G3-419	0.7680511182108626	0.7552715654952077	0.5955271565495208	0.470926517571885	0.9041533546325878	0.6159744408945687	0.6421725239616614	0.412779552715655	0.2715654952076677	0.47987220447284346	0.7329073482428115	0.7571884984025559	0.5175718849840255	0.5207667731629393	0.5872204472843451	0.6549520766773163	0.6261980830670927	0.16293929712460065	0.4230031948881789	0.5667731629392971	0.8632587859424921	0.5156549520766773	0.4971246006389776	0.0	0.476038338658147	0.34313099041533546	0.4728434504792332	0.38338658146964855	0.14568690095846645	0.7552715654952077	0.6792332268370607	0.8319488817891374
G3-420	0.6543130990415336	0.6575079872204472	0.4638977635782748	0.6932907348242812	0.8952076677316294	0.7182108626198083	0.5015974440894568	0.8095846645367412	0.46006389776357826	0.40638977635782747	0.6536741214057508	0.6587859424920128	0.1769968051118211	0.2805111821086262	0.7424920127795527	0.645367412140575	0.6504792332268371	0.6159744408945687	0.2364217252396166	0.5559105431309904	0.85814696485623	0.22236421725239616	0.2498402555910543	0.476038338658147	0.0	0.23258785942492013	0.025559105431309903	0.329073482428115	0.44920127795527154	0.6440894568690095	0.6741214057507987	0.8376996805111822
G3-421	0.6511182108626198	0.6376996805111821	0.4645367412140575	0.5680511182108626	0.8964856230031949	0.6083067092651757	0.5175718849840255	0.6843450479233227	0.3348242811501597	0.3623003194888179	0.6146964856230032	0.6402555910543131	0.2952076677316294	0.2549520766773163	0.6115015974440895	0.5194888178913738	0.5150159744408945	0.5003194888178913	0.23067092651757187	0.5437699680511182	0.8178913738019169	0.36996805111821085	0.26773162939297124	0.34313099041533546	0.23258785942492013	0.0	0.2268370607028754	0.2230031948881789	0.3111821086261981	0.6012779552715655	0.5405750798722044	0.8178913738019169
G3-422	0.6613418530351438	0.6638977635782748	0.46645367412140576	0.6984025559105431	0.9060702875399361	0.7143769968051118	0.5239616613418531	0.8146964856230032	0.46517571884984027	0.405111821086262	0.6613418530351438	0.665814696485623	0.17763578274760383	0.2913738019169329	0.7354632587859425	0.6498402555910543	0.6434504792332268	0.6210862619808307	0.2402555910543131	0.5648562300319488	0.860702875399361	0.22492012779552717	0.2690095846645367	0.4728434504792332	0.025559105431309903	0.2268370607028754	0.0	0.32523961661341855	0.4428115015974441	0.6472843450479233	0.6670926517571885	0.8396166134185303
G3-423	0.7482428115015974	0.7354632587859425	0.4626198083067093	0.668370607028754	0.8945686900958466	0.6223642172523962	0.612779552715655	0.7226837060702875	0.43578274760383384	0.3859424920127795	0.7118210862619808	0.7373801916932907	0.3539936102236422	0.3782747603833866	0.6696485623003194	0.6670926517571885	0.6619808306709265	0.5405750798722044	0.2715654952076677	0.5488817891373802	0.8466453674121406	0.3680511182108626	0.3610223642172524	0.38338658146964855	0.329073482428115	0.2230031948881789	0.32523961661341855	0.0	0.3354632587859425	0.7220447284345048	0.6677316293929713	0.8095846645367412
G3-424	0.797444089456869	0.7833865814696486	0.4779552715654952	0.4594249201277955	0.8677316293929712	0.5597444089456869	0.594888178913738	0.4	0.22236421725239616	0.39233226837060703	0.7578274760383387	0.7808306709265176	0.4715654952076677	0.4779552715654952	0.5987220447284345	0.6651757188498403	0.6351437699680511	0.27284345047923325	0.38466453674121404	0.5111821086261981	0.7840255591054313	0.42428115015974444	0.3993610223642173	0.14568690095846645	0.44920127795527154	0.3111821086261981	0.4428115015974441	0.3354632587859425	0.0	0.7629392971246006	0.6881789137380192	0.8153354632587859
G3-47	0.1412140575079872	0.22044728434504793	0.8900958466453675	0.678594249201278	0.9003194888178914	0.7706070287539936	0.6319488817891373	0.8217252396166134	0.6805111821086262	0.6881789137380192	0.4773162939297125	0.4849840255591054	0.7297124600638978	0.6198083067092651	0.23386581469648562	0.13099041533546327	0.14824281150159743	0.823003194888179	0.6907348242811502	0.794888178913738	0.9041533546325878	0.7993610223642172	0.6434504792332268	0.7552715654952077	0.6440894568690095	0.6012779552715655	0.6472843450479233	0.7220447284345048	0.7629392971246006	0.0	0.11054313099041534	0.5156549520766773
G3-48	0.16485623003194888	0.2792332268370607	0.8984025559105431	0.6070287539936102	0.9086261980830671	0.6984025559105431	0.7047923322683706	0.7488817891373802	0.607667731629393	0.6926517571884984	0.51629392971246	0.5380191693290735	0.736741214057508	0.6869009584664537	0.18274760383386582	0.13099041533546327	0.11054313099041534	0.74185303514377	0.6587859424920128	0.8057507987220447	0.9092651757188498	0.810223642172524	0.6932907348242812	0.6792332268370607	0.6741214057507987	0.5405750798722044	0.6670926517571885	0.6677316293929713	0.6881789137380192	0.11054313099041534	0.0	0.5309904153354632
G3-49	0.5373801916932908	0.5392971246006389	0.7884984025559105	0.7405750798722045	0.7987220447284346	0.8223642172523962	0.7686900958466454	0.7738019169329073	0.7980830670926518	0.7769968051118211	0.7226837060702875	0.7322683706070288	0.8300319488817891	0.8415335463258786	0.5329073482428115	0.5303514376996805	0.5303514376996805	0.8792332268370607	0.8332268370607029	0.8178913738019169	0.9175718849840255	0.8274760383386581	0.8287539936102236	0.8319488817891374	0.8376996805111822	0.8178913738019169	0.8396166134185303	0.8095846645367412	0.8153354632587859	0.5156549520766773	0.5309904153354632	0.0
