	G1-11	G1-12	G1-13	G1-130	G1-131	G1-132	G1-135	G1-136	G1-138	G1-139	G1-14	G1-140	G1-141	G1-142	G1-143	G1-144	G1-15	G1-177	G1-178	G1-180	G1-182	G1-187	G1-188	G1-189	G1-190	G1-192	G1-193	G2-1100	G2-1101	G2-1102	G2-1103	G2-1104	G2-1105	G2-1106	G2-1107	G2-1108	G2-1109	G2-1110	G2-1111	G2-1113	G2-194	G2-197	G2-198	G2-199	G2-21	G2-210	G2-211	G2-212	G2-213	G2-214	G2-215	G2-216	G2-217	G2-218	G2-219	G2-22	G2-220	G2-221	G2-222	G2-223	G2-224	G2-23	G2-24	G2-25	G2-26	G2-27	G2-28	G2-29	G2-313	G2-314	G2-315	G2-316	G2-317	G2-318	G2-319	G2-320	G2-321	G2-322	G2-323	G2-324	G2-325	G2-326	G2-327	G2-328	G2-329	G2-330	G2-413	G2-414	G2-415	G2-416	G3-417	G3-418	G3-419	G3-420	G3-421	G3-422	G3-423	G3-424	G3-425	G3-426	G3-427	G3-428	G3-429	G3-430
G1-11	0.0	0.06004240264209212	0.03935730524741987	0.03526743776299343	0.031897459023171724	0.04758449228225763	0.03684838170341404	0.031782006092640556	0.0326890339495667	0.11982529002324183	0.02678415838780301	0.20286835005277448	0.21772324250493447	0.21106777637717575	0.21106777637717575	0.21106777637717575	0.07024588820602472	0.24974519456462313	0.10589856398945398	0.5303372246073813	0.7110014856535827	0.20286835005277448	0.2100765786667229	0.20792544221387183	0.5397037418829791	0.12328368797531666	0.057541289686392695	0.20863381827580627	0.20863381827580627	0.20863381827580627	0.38782906263310396	0.2652077613386505	0.21704499047332834	0.21704499047332834	0.21704499047332834	0.16506262364485497	0.16506262364485497	0.12934238801640022	0.16506262364485497	0.12934238801640022	0.06555211128781081	0.01691109003344774	0.34256556739807026	0.20863381827580627	0.2916642926560022	0.061224122185611476	0.4229890756354255	0.0664328317424095	0.07125302346624883	0.21106777637717575	0.21106777637717575	0.21106777637717575	0.21106777637717575	0.15903711186810793	0.20512987066851074	0.3721445864358334	0.2259763275152828	0.28980165199225594	0.20810006035805714	0.2114330130930324	0.12427256139298845	0.37373751436550673	0.37373751436550673	0.3113215756013102	0.2001654304697986	0.05317619766062811	0.2604511036007669	0.21314134592313552	0.07401867561381652	0.20863381827580627	0.21704499047332834	0.20863381827580627	0.21370364489921803	0.16172127807074466	0.12934238801640022	0.21704499047332834	0.21704499047332834	0.21704499047332834	0.3056687637844686	0.160021419952675	0.2011614240387568	0.21144740119016536	0.2011614240387568	0.20305959399591297	0.2620545776395944	0.20829168339551044	0.19311044154700874	0.1889453556333529	0.029314139652992965	0.11615257438666327	0.01098439233088984	0.143468668322393	0.06079058830326463	0.1940586447945058	0.3090356484452762	0.14924504638611835	0.17640855684293244	0.20522625889198384	0.10337608298210209	0.0843254480741957	0.32430540348878417	0.1940586447945058	0.007648174508879084	0.14163064426926603
G1-12	0.06004240264209212	0.0	0.08458149828191329	0.09530984040508556	0.09193986166526384	0.10281775545067541	0.08217238999672288	0.09151606728424765	0.08788444288276306	0.06970194554586251	0.08682656102989514	0.1574835526102067	0.16860025650094013	0.16107866958087633	0.16107866958087633	0.16107866958087633	0.1132608289707551	0.209593802757969	0.14964460165599713	0.5536613708882208	0.7264929702366885	0.1574835526102067	0.16524529693834844	0.16284553224725837	0.5460030005811674	0.06773231861863503	0.013431898879515437	0.1585399807313734	0.1585399807313734	0.1585399807313734	0.3613524821013953	0.3022007515765668	0.16748358393662813	0.16748358393662813	0.16748358393662813	0.21108896434970678	0.21108896434970678	0.0742293670423364	0.21108896434970678	0.0742293670423364	0.022277459875058706	0.07644313718641052	0.3142262214952815	0.1585399807313734	0.334376297035843	0.12075616933857425	0.40781451753725834	0.12277453964317626	0.11660816544159798	0.16107866958087633	0.16107866958087633	0.16107866958087633	0.16107866958087633	0.20506066237218085	0.15972532757621577	0.42015743248756543	0.18315898197742642	0.25775293645094616	0.16303067796016119	0.16656457137694936	0.06883861809861735	0.4216398060859752	0.4216398060859752	0.34631192839023506	0.24645880214311974	0.11321860030272023	0.227863290236605	0.18199282063519406	0.11935243484684363	0.1585399807313734	0.16748358393662813	0.1585399807313734	0.16393072967509245	0.20772220078696965	0.0742293670423364	0.16748358393662813	0.16748358393662813	0.16748358393662813	0.275315906978258	0.21507602702899112	0.2573861803191254	0.25523150558788305	0.2573861803191254	0.25915075114069724	0.3139934834072603	0.2520531251161301	0.1567002708007638	0.15210639118173372	0.08451038946677002	0.16208351435533896	0.056226119018957646	0.1986687990340804	0.10641446927173853	0.15750259238226222	0.3439310790161098	0.19554762302924514	0.2151591554049968	0.24886128164865823	0.1574882282722192	0.041697992012965444	0.30358766055575176	0.15750259238226222	0.06277994642183458	0.20167304691135815
G1-13	0.03935730524741987	0.08458149828191329	0.0	0.02172942398787502	0.01828496834977478	0.029212560591640672	0.007916773437119821	0.007782681235413974	0.013948362892229853	0.14877230478848455	0.013058663211799599	0.18384852377468638	0.19455020306808127	0.1874928142926093	0.1874928142926093	0.1874928142926093	0.09337565441840194	0.27089289451498605	0.12936365912345082	0.5425452082569396	0.7190310474797454	0.18384852377468638	0.19130041731250944	0.18904271032122527	0.5563350333230712	0.14779065473004224	0.09660309768613508	0.18500873076696597	0.18500873076696597	0.18500873076696597	0.4053156067206807	0.2848607651234231	0.19367100628910253	0.19367100628910253	0.19367100628910253	0.14013678142878397	0.14013678142878397	0.15384131919213273	0.14013678142878397	0.15384131919213273	0.10424279693745328	0.05584945414686657	0.3358188758564051	0.18500873076696597	0.3143033332940409	0.0999368458119335	0.4471130732989118	0.10305582201116101	0.09563304318333458	0.1874928142926093	0.1874928142926093	0.1874928142926093	0.1874928142926093	0.13390736357211844	0.22752941603711405	0.35323535010617285	0.24774880041747427	0.31328472244196925	0.18922206224648508	0.19264536910045824	0.14875913446034192	0.35492554274851723	0.35492554274851723	0.32986045044660245	0.17628753154748622	0.09226042213185562	0.29814937005848496	0.24695120165383874	0.09838275081032381	0.18500873076696597	0.19367100628910253	0.18500873076696597	0.19022990969781625	0.13669568483749772	0.15384131919213273	0.19367100628910253	0.19367100628910253	0.19367100628910253	0.2952399591815468	0.14457787774709313	0.19193032670375623	0.18925094273269508	0.19193032670375623	0.1938900156816538	0.25470121006308755	0.18600639667339647	0.17352765865419467	0.1788036406305803	0.010499920767732502	0.08960314333214003	0.0354028774637256	0.11765935409552038	0.08533152337871192	0.18402993404075826	0.3275270871664711	0.12362270383882396	0.19710951189576392	0.18290919474552148	0.138385466625362	0.07187162168593544	0.3513678793576942	0.18402993404075826	0.042028458150485073	0.13044326897680036
G1-130	0.03526743776299343	0.09530984040508556	0.02172942398787502	0.0	0.003481037912482662	0.01968493410030847	0.019104328890109844	0.013946742752461046	0.007885969195881222	0.1545300880369034	0.008716750192986273	0.18979626801973096	0.1895983390419932	0.18245352170687182	0.18245352170687182	0.18245352170687182	0.09428187852994259	0.27210798262520963	0.13037138109714597	0.543571829749582	0.7198392392478262	0.18979626801973096	0.19723364635462076	0.18556552636840773	0.5537383597676685	0.14264681181781302	0.0830065858025689	0.19568520854070673	0.19568520854070673	0.19568520854070673	0.4121800464688575	0.28145174323559186	0.18867484216880526	0.18867484216880526	0.18867484216880526	0.13480890931393213	0.13480890931393213	0.148738778539828	0.13480890931393213	0.148738778539828	0.09084067193779044	0.03535377980792566	0.31853193482193526	0.19568520854070673	0.31054511261337064	0.08649062887144034	0.4372424050633636	0.09036388357741956	0.09017438260105466	0.18245352170687182	0.18245352170687182	0.18245352170687182	0.18245352170687182	0.12853572590775367	0.23150536735286706	0.34919226515138513	0.25676550221579536	0.31797097349356407	0.1951703362656995	0.19240541963879668	0.15306899409042976	0.35090362750581294	0.35090362750581294	0.3310350620476721	0.1711836561908728	0.07861905908398993	0.28095962644401923	0.23103351705932124	0.09935037900323397	0.19568520854070673	0.18867484216880526	0.19568520854070673	0.1914742963325185	0.1377942263324544	0.148738778539828	0.18867484216880526	0.18867484216880526	0.18867484216880526	0.28359544818633103	0.12958503906410804	0.17981888308785385	0.18451600496387202	0.17981888308785385	0.18182762354040502	0.24411294928616775	0.18716867581377816	0.17969172017124177	0.17534083327091793	0.011316359814012243	0.09057941573968434	0.03964545445936738	0.12869094923480368	0.08627258441474482	0.17098517821329484	0.32869436481913994	0.12469504263320749	0.19814305657638398	0.1840606995016034	0.126526779657918	0.05763644626078904	0.3435177408790429	0.17098517821329484	0.03285704150375541	0.11682975801271542
G1-131	0.031897459023171724	0.09193986166526384	0.01828496834977478	0.003481037912482662	0.0	0.01620389637987881	0.015650630386250617	0.010502287114360805	0.011321410653242202	0.15121387231797845	0.005254025280659415	0.1863726353207373	0.1923729241173694	0.18527716076273495	0.18527716076273495	0.18527716076273495	0.09109287748409244	0.2692444494053111	0.12714756173630123	0.5419647545226283	0.7188006491358755	0.1863726353207373	0.19381879068784508	0.18212401606050319	0.5520370835813349	0.1455288230112275	0.07961928682359241	0.19225271946343278	0.19225271946343278	0.19225271946343278	0.40985318908920565	0.2833607038853717	0.19147430808075802	0.19147430808075802	0.19147430808075802	0.1377942380806939	0.1377942380806939	0.15159764177217966	0.1377942380806939	0.15159764177217966	0.08748231143487736	0.03859343203816005	0.3209041348671911	0.19225271946343278	0.3126502558278946	0.08313224644980073	0.4384746210189173	0.08718634557932763	0.09323278029406844	0.18527716076273495	0.18527716076273495	0.18527716076273495	0.18527716076273495	0.1315455852752685	0.23383609418775458	0.35145773614987913	0.25382344374093047	0.31527925499638926	0.1917467035667058	0.19517034792259808	0.15589889463528842	0.35315722024469964	0.35315722024469964	0.3285405978440162	0.1740434534860905	0.07523173790629858	0.2833744232621819	0.23333236322578774	0.0959920185003209	0.19225271946343278	0.19147430808075802	0.19225271946343278	0.1880238367910514	0.13434376679098728	0.15159764177217966	0.19147430808075802	0.19147430808075802	0.19147430808075802	0.2857651433047724	0.13258839264518799	0.17656601505588548	0.18716868688925153	0.17656601505588548	0.1785827222458656	0.24111507385067507	0.1839158077818098	0.17624726453314152	0.17187810835859108	0.007853634901685384	0.0871075234171515	0.04288185135406156	0.12524649359670342	0.08288528543576833	0.16750416400535834	0.32620575294885606	0.12121402842527097	0.1953197470161759	0.18081577751876296	0.12347558568190992	0.05415543205285251	0.3410927488871617	0.16750416400535834	0.02946974252477892	0.11334874380477888
G1-132	0.04758449228225763	0.10281775545067541	0.029212560591640672	0.01968493410030847	0.01620389637987881	0.0	0.026600760683966298	0.026536005522086778	0.022288928840251382	0.16206601694480469	0.02137278597931316	0.19766798019569387	0.20368395051810712	0.19666934182427953	0.19666934182427953	0.19666934182427953	0.1013831553713835	0.2788667956837412	0.13763810772270543	0.5476899528680536	0.7226373131395006	0.19766798019569387	0.195406220763417	0.19346746941845053	0.5581112385323348	0.1565151119032904	0.09538694467667526	0.19383583079511651	0.19383583079511651	0.19383583079511651	0.41210561748625874	0.2923147978911028	0.193059487888935	0.193059487888935	0.193059487888935	0.13894588126488736	0.13894588126488736	0.15282678542052128	0.13894588126488736	0.15282678542052128	0.10311526255194742	0.05422638315523011	0.3371080312470699	0.19383583079511651	0.314916909761929	0.09876519774562824	0.4486669870812984	0.10197748344969872	0.10408650317586114	0.19666934182427953	0.19666934182427953	0.19666934182427953	0.19666934182427953	0.1427978127919449	0.23552846939186042	0.34077573445996673	0.2556022975646588	0.3172923014299355	0.19332164277354755	0.1967727208252649	0.15715538901259526	0.34253158749990886	0.34253158749990886	0.33048250945772406	0.17548785641122971	0.0909993959412328	0.29900737455800935	0.247248309850253	0.09678415534972803	0.19383583079511651	0.193059487888935	0.19383583079511651	0.18958114954029773	0.1354675429162501	0.15282678542052128	0.193059487888935	0.193059487888935	0.193059487888935	0.29174197528604684	0.13856821242142692	0.18242734439328886	0.18862963307056488	0.18242734439328886	0.18443994757476642	0.24681994911114194	0.18535199859808318	0.19228098294086748	0.18799686905724483	0.02397239560033913	0.07211151452798793	0.05363507267754967	0.1412802120044294	0.09379610051273787	0.18370806019318414	0.33467271343839233	0.13252812540720593	0.2046493151215868	0.19150647588301947	0.1376786964659542	0.07035932824067831	0.3523809299015233	0.18370806019318414	0.04024411176309755	0.1295526399926047
G1-135	0.03684838170341404	0.08217238999672288	0.007916773437119821	0.019104328890109844	0.015650630386250617	0.026600760683966298	0.0	0.015617820079728343	0.011295496291143849	0.14657358944058815	0.010410300960584958	0.18167194987966875	0.19240772787734217	0.18531257886672675	0.18531257886672675	0.18531257886672675	0.09112936233148652	0.2692707874169177	0.1271829813944441	0.5419740255231661	0.7188043229740695	0.18167194987966875	0.18914925989608108	0.18687998867198846	0.5557500950098949	0.1455649772564187	0.09424368375400607	0.18282392590021526	0.18282392590021526	0.18282392590021526	0.4042367067594368	0.28338466708020044	0.19150942299837642	0.19150942299837642	0.19150942299837642	0.13783168514665783	0.13783168514665783	0.15163350566294026	0.13783168514665783	0.15163350566294026	0.10192317091665339	0.05340451017519033	0.3340366096247813	0.18282392590021526	0.31267668839308227	0.09760606922908298	0.44617714173472883	0.10085729998936072	0.09327114798135377	0.18531257886672675	0.18531257886672675	0.18531257886672675	0.18531257886672675	0.13158334000500121	0.2257008225616714	0.35148616946442895	0.24602160018395056	0.3118456473199257	0.18705981890639786	0.19049225529153044	0.14653806039685108	0.3488589319974216	0.3488589319974216	0.32856169303051286	0.17407934714377854	0.08988966637513186	0.2963318786910017	0.2452138652095863	0.09603023371623248	0.18282392590021526	0.19150942299837642	0.18282392590021526	0.18805910161553296	0.1343813637638144	0.15163350566294026	0.19150942299837642	0.19150942299837642	0.19150942299837642	0.2935892014607311	0.14229656268432042	0.18990302250344285	0.1872019673714461	0.18990302250344285	0.18746587927248043	0.2529769708933369	0.1839492214938753	0.1809330177522616	0.17660003910136846	0.007837789915956968	0.08212190088703647	0.03286434572615252	0.12522910454120312	0.08292438893572747	0.18184035676776647	0.32622685776448507	0.12125253379078463	0.1953483430279595	0.1808492362711465	0.13635692423135212	0.06938107835799343	0.35015246573969927	0.18184035676776647	0.039520168798201354	0.12810989703675602
G1-136	0.031782006092640556	0.09151606728424765	0.007782681235413974	0.013946742752461046	0.010502287114360805	0.026536005522086778	0.015617820079728343	0.0	0.01131135593309888	0.15049724096150144	0.005275981976385624	0.18544949857404597	0.20071659976655232	0.19376732401957328	0.19376732401957328	0.19376732401957328	0.09984541592092358	0.2755694579196515	0.13564378087549353	0.5441981898928887	0.7196883087706362	0.18544949857404597	0.19285926272124942	0.1906170978731728	0.5543487844513296	0.15419771870989638	0.08902779853135577	0.1912964534563821	0.1912964534563821	0.1912964534563821	0.4084310498424943	0.28911903335574707	0.19989189883149905	0.19989189883149905	0.19989189883149905	0.14677069478873025	0.14677069478873025	0.16019701809366552	0.14677069478873025	0.16019701809366552	0.09673155933428328	0.04833821654369658	0.3280361946209911	0.1912964534563821	0.3189903014086987	0.09242560820876351	0.44219856313912054	0.09594517340316998	0.10243223751950427	0.19376732401957328	0.19376732401957328	0.19376732401957328	0.19376732401957328	0.14059568186309745	0.23279837603297093	0.35826891321063065	0.25272697484034384	0.3140233602952268	0.19079553175785627	0.19420131588609008	0.15515300685893837	0.35993293361073353	0.35993293361073353	0.3336089554712383	0.1826425389849498	0.08468512297707631	0.29063813245531495	0.24025748944694542	0.105155012196104	0.1912964534563821	0.19989189883149905	0.1912964534563821	0.19647735057506044	0.14335614653229165	0.16019701809366552	0.19989189883149905	0.19989189883149905	0.19989189883149905	0.29230018012127734	0.14161904767660285	0.1846527141940878	0.1951512602140655	0.1846527141940878	0.18663005246324316	0.24798892277360138	0.19193032670375623	0.16574497741878072	0.17102095939516634	0.007861876103905423	0.09667009947933078	0.0427099892307772	0.11474420648234263	0.09226041071656445	0.17624725280534428	0.33127990669506585	0.13044326897680036	0.20218760767101845	0.18884128138781478	0.13155489872657442	0.06408894045052146	0.3459288720479733	0.17624725280534428	0.03939090420487563	0.1226605877413864
G1-138	0.0326890339495667	0.08788444288276306	0.013948362892229853	0.007885969195881222	0.011321410653242202	0.022288928840251382	0.011295496291143849	0.01131135593309888	0.0	0.14737153902719283	0.006067385372582787	0.18249629816074334	0.19172289374434698	0.18461565338149094	0.18461565338149094	0.18461565338149094	0.09648639390691925	0.273699247563114	0.13251110823719417	0.5441323568206224	0.7200616881652573	0.18249629816074334	0.1899715924926738	0.18770440895351517	0.554318486951936	0.14485359306818432	0.0902303236359594	0.18838155001618132	0.18838155001618132	0.18838155001618132	0.40761266373069605	0.28291320787776386	0.19081846212035267	0.19081846212035267	0.19081846212035267	0.13709484962527843	0.13709484962527843	0.1509278335172529	0.13709484962527843	0.1509278335172529	0.09796329113467041	0.04278252994918164	0.32473851766228584	0.18838155001618132	0.31215693435037173	0.09363530203247107	0.4407550533211344	0.09710708729016453	0.09251622507771297	0.18461565338149094	0.18461565338149094	0.18461565338149094	0.18461565338149094	0.13084045176780223	0.22511654474383747	0.35092701768106316	0.2506431684015681	0.3124948205993827	0.18788424167405396	0.18508706619931248	0.14582814985441167	0.35262928072490624	0.35262928072490624	0.332309368437721	0.173373489987605	0.08586523161019481	0.28713902300307154	0.23676137841003408	0.10165868012814204	0.18838155001618132	0.19081846212035267	0.18838155001618132	0.19360316821527634	0.14006443941335753	0.1509278335172529	0.19081846212035267	0.19081846212035267	0.19081846212035267	0.28915687474688767	0.13672469122068495	0.18628186249048084	0.18654713450036423	0.18628186249048084	0.18826501014122352	0.24978045947125557	0.1891866291538139	0.1770563333518796	0.17269146845051445	0.008666994993608759	0.09298878119968544	0.03205294380146502	0.1260555624154415	0.08863452992859758	0.1779454819411728	0.32997014278705805	0.12702010075392223	0.19987144775388735	0.18608143275887074	0.1328364922368189	0.06519228575549446	0.34774176559481645	0.1779454819411728	0.03535706386612629	0.12407459504891948
G1-139	0.11982529002324183	0.06970194554586251	0.14877230478848455	0.1545300880369034	0.15121387231797845	0.16206601694480469	0.14657358944058815	0.15049724096150144	0.14737153902719283	0.0	0.14618214682302896	0.10273260636342868	0.11450361063625206	0.12389131149840497	0.12389131149840497	0.12389131149840497	0.17355808917435023	0.18839738327667876	0.12506091445436904	0.5803678056276612	0.7239986719096285	0.10273260636342868	0.11101120903485139	0.1083475552505964	0.5286407947640438	0.02702851675254287	0.07725091216204696	0.11413000892999141	0.11413000892999141	0.11413000892999141	0.33709196822204324	0.2737009732945053	0.12344557442727269	0.12344557442727269	0.12344557442727269	0.17116309085424955	0.17116309085424955	0.02631293722954397	0.17116309085424955	0.02631293722954397	0.06835598924408412	0.11973721153013966	0.28758935697942234	0.11413000892999141	0.30260559625601413	0.07255651302742636	0.39314869519194917	0.17798790371934597	0.079855590704295	0.12389131149840497	0.12389131149840497	0.12389131149840497	0.12389131149840497	0.17145926109829607	0.11985635517771365	0.4025161133852952	0.14544197468775943	0.21026944153264934	0.10854143582922521	0.11224205243933877	0.020697988342376242	0.4040899371494148	0.4040899371494148	0.32088070784493944	0.2931066845758012	0.08141133132450766	0.18163217564220824	0.13948421292470897	0.07581895706518703	0.11413000892999141	0.12344557442727269	0.11413000892999141	0.11974495781715913	0.16766392691921395	0.02631293722954397	0.12344557442727269	0.12344557442727269	0.12344557442727269	0.23679629482840941	0.17069859208948662	0.21734496602806616	0.21925759736385952	0.21734496602806616	0.21927766650694272	0.2791662522987046	0.21596147767165957	0.12476434030244936	0.11983065352875236	0.1440511741966831	0.22500569401488285	0.12127074964744244	0.16975134712008674	0.07922773208481981	0.12541454610505715	0.3293937098856831	0.17107270193884672	0.2670547568525616	0.21274102203358225	0.21004824956466855	0.10504153116688492	0.34539862158121615	0.12541454610505715	0.12266854917144313	0.17277580368639808
G1-14	0.02678415838780301	0.08682656102989514	0.013058663211799599	0.008716750192986273	0.005254025280659415	0.02137278597931316	0.010410300960584958	0.005275981976385624	0.006067385372582787	0.14618214682302896	0.0	0.18117792502533656	0.19654668004505252	0.18952438687237882	0.18952438687237882	0.18952438687237882	0.09546960933341761	0.27240573219750464	0.1313963434821079	0.5430789192746367	0.7192430789401218	0.18117792502533656	0.18863739786649444	0.1863726236638387	0.5531904525923255	0.14986485729842694	0.0843254480741957	0.18704457130145072	0.18704457130145072	0.18704457130145072	0.4063226263657105	0.28623785608637187	0.19568520854070673	0.19568520854070673	0.19568520854070673	0.1422847116711867	0.1422847116711867	0.1558988832586025	0.1422847116711867	0.1558988832586025	0.09210860653001307	0.04346758527565001	0.32447212171059014	0.18704457130145072	0.31581997182209365	0.08778061742781375	0.440333973605217	0.09156615689012026	0.09783419278935912	0.18952438687237882	0.18952438687237882	0.18952438687237882	0.18952438687237882	0.13607291986830714	0.22923436240550335	0.3548651935997238	0.24935943057341292	0.3111950850462353	0.1865519932713051	0.18997563762719735	0.15082905663519072	0.35654688949723073	0.35654688949723073	0.3310723902711129	0.17834515755569394	0.07996035604843112	0.28700759884296917	0.23679424831253193	0.10057517085601879	0.18704457130145072	0.19568520854070673	0.18704457130145072	0.1922527077763797	0.13885221090685967	0.1558988832586025	0.19568520854070673	0.19568520854070673	0.19568520854070673	0.28903221433738574	0.13710597898917626	0.18061018139843305	0.1911607797368906	0.18061018139843305	0.18260715174835737	0.2445513687250119	0.18792387667645866	0.17102095939516634	0.16662408307793167	0.00259960962102597	0.0918913582304428	0.03776855071869285	0.12002018845872825	0.08757474669106764	0.17187809656859002	0.32874041119774217	0.12583116998532484	0.1987521427669754	0.18482929188417296	0.12751482837498307	0.059124900382911676	0.3435082724279623	0.17187809656859002	0.0344323328966821	0.11800720967633668
G1-140	0.20286835005277448	0.1574835526102067	0.18384852377468638	0.18979626801973096	0.1863726353207373	0.19766798019569387	0.18167194987966875	0.18544949857404597	0.18249629816074334	0.10273260636342868	0.18117792502533656	0.0	0.02571616776081362	0.0361107133597974	0.0361107133597974	0.0361107133597974	0.2524409299023775	0.26592677472562243	0.20835090854426822	0.6213113273810992	0.7511341830814018	0.0	0.009540641395497686	0.006257832310623338	0.5738067109511487	0.1294757234893628	0.16460891335457847	0.012702347870203703	0.012702347870203703	0.012702347870203703	0.4003307354577067	0.34299696871567675	0.02308449879126398	0.02308449879126398	0.02308449879126398	0.08198724950703035	0.08198724950703035	0.11850925342661188	0.08198724950703035	0.11850925342661188	0.15566667458519629	0.20277982732692235	0.20652440545901	0.012702347870203703	0.38283230033224913	0.15949369841528685	0.45182198170939286	0.2562409068998921	0.17674046980909325	0.0361107133597974	0.0361107133597974	0.0361107133597974	0.0361107133597974	0.0937220865390537	0.20314337341418232	0.33823190054155544	0.22611525878396818	0.29187455028915066	0.006473911240944236	0.010598229851381173	0.11286268392433944	0.3401620560308033	0.3401620560308033	0.38598231677093114	0.3330671757364451	0.1683954057342421	0.274185513972086	0.2207520942857611	0.16323314576133982	0.012702347870203703	0.02308449879126398	0.012702347870203703	0.01896018018082704	0.07811160512756056	0.11850925342661188	0.02308449879126398	0.02308449879126398	0.02308449879126398	0.16208524765932103	0.08173213275909161	0.13894379000639293	0.14062155599134318	0.13894379000639293	0.14128251618468285	0.21318369340627064	0.1369934525313737	0.025792971475293188	0.019676499319431058	0.17906792908600724	0.2626511068917912	0.20473920972675097	0.08120737543695926	0.1666600667398189	0.025895781028994858	0.393947955848823	0.081887135508815	0.3373714383447416	0.1336646100701906	0.28538120545443524	0.14059857030299794	0.40828536418331296	0.025895781028994858	0.20593469986870555	0.0842888970551762
G1-141	0.21772324250493447	0.16860025650094013	0.19455020306808127	0.1895983390419932	0.1923729241173694	0.20368395051810712	0.19240772787734217	0.20071659976655232	0.19172289374434698	0.11450361063625206	0.19654668004505252	0.02571616776081362	0.0	0.010568468601232069	0.010568468601232069	0.010568468601232069	0.2538036471643133	0.26729674522119606	0.20968172786947697	0.6224503451048582	0.7519863368468652	0.02571616776081362	0.03509009316993709	0.019638032738735534	0.5788046066475689	0.10785349335575359	0.17076933330112132	0.02612055322816939	0.02612055322816939	0.02612055322816939	0.40775810979688826	0.33979263406731447	0.015935599545578265	0.015935599545578265	0.015935599545578265	0.0756772253545968	0.0756772253545968	0.11269290565539142	0.0756772253545968	0.11269290565539142	0.16182694116486068	0.20263078991308922	0.20635646290143295	0.02612055322816939	0.3793508533926575	0.16562610793023858	0.45229955789531573	0.2617269944770466	0.15698275904190734	0.010568468601232069	0.010568468601232069	0.010568468601232069	0.010568468601232069	0.07063592789065806	0.20756866205608165	0.3336831917260728	0.23611984608575023	0.29705236592503026	0.032130134571470376	0.02815906621498959	0.1177077027093242	0.3356399332933906	0.3356399332933906	0.3873595223633343	0.32899979172756494	0.1745279672289147	0.2742865039110871	0.2206654569995277	0.16451306505901442	0.02612055322816939	0.015935599545578265	0.02612055322816939	0.02000698021612455	0.07927017451891917	0.11269290565539142	0.015935599545578265	0.015935599545578265	0.015935599545578265	0.16178281110009682	0.08108733354657545	0.14526710091944176	0.13509427066074228	0.14526710091944176	0.1475886930304604	0.2189629966907134	0.13824093083606492	0.04501174728738899	0.039052879217479734	0.19448696610018337	0.26416040219840714	0.20917507160365062	0.09901914840627868	0.16794918977984966	0.03307635884498817	0.39532840812026593	0.08305687947172531	0.33876027929112273	0.1348994848388097	0.2906527737653111	0.14693562908237195	0.41265178056179186	0.03307635884498817	0.21179104003356608	0.09104012159100656
G1-142	0.21106777637717575	0.16107866958087633	0.1874928142926093	0.18245352170687182	0.18527716076273495	0.19666934182427953	0.18531257886672675	0.19376732401957328	0.18461565338149094	0.12389131149840497	0.18952438687237882	0.0361107133597974	0.010568468601232069	0.0	0.0	0.0	0.2477503292410842	0.26146122229575325	0.20288813286312235	0.6209068745515284	0.751321228073781	0.0361107133597974	0.04545284996577507	0.030097425407488054	0.5832983019932276	0.09927013874711077	0.16328711861027384	0.03657963939147386	0.03657963939147386	0.03657963939147386	0.4141185571599425	0.34683632641125917	0.026504068146810333	0.026504068146810333	0.026504068146810333	0.08560409214983161	0.08560409214983161	0.12222223845302248	0.08560409214983161	0.12222223845302248	0.17076933330112132	0.2111378494980001	0.197958944527521	0.03657963939147386	0.38749764257272884	0.1745279672289147	0.4490454102595919	0.255802056391229	0.14932278011631528	0.0	0.0	0.0	0.0	0.06131775427428703	0.2160790661615704	0.3270024345402364	0.2443236215886737	0.304530211092615	0.04252468017045416	0.03859625954233285	0.12718317853866987	0.32899855217988644	0.32899855217988644	0.3939390427095907	0.33780750098884565	0.16711373084913442	0.28373585725774353	0.22898010636147342	0.1734858695163101	0.03657963939147386	0.026504068146810333	0.03657963939147386	0.030531723773791927	0.08915845443873055	0.12222223845302248	0.026504068146810333	0.026504068146810333	0.026504068146810333	0.170784937422125	0.0909560978857822	0.15444659953985884	0.14438302151823357	0.15444659953985884	0.15674325865531458	0.22735103007761662	0.14749588778815095	0.03507440587619185	0.028990484925224817	0.1874284642549846	0.2576615854024631	0.20237272586030788	0.09017919902152713	0.1604157646102695	0.022887747558588627	0.3913596129264565	0.07389933688088052	0.3340112573338029	0.1441291635576697	0.2851847418015719	0.13901507237074073	0.4089078376940912	0.022887747558588627	0.20503381505778862	0.08204212506297967
G1-143	0.21106777637717575	0.16107866958087633	0.1874928142926093	0.18245352170687182	0.18527716076273495	0.19666934182427953	0.18531257886672675	0.19376732401957328	0.18461565338149094	0.12389131149840497	0.18952438687237882	0.0361107133597974	0.010568468601232069	0.0	0.0	0.0	0.2477503292410842	0.26146122229575325	0.20288813286312235	0.6209068745515284	0.751321228073781	0.0361107133597974	0.04545284996577507	0.030097425407488054	0.5832983019932276	0.09927013874711077	0.16328711861027384	0.03657963939147386	0.03657963939147386	0.03657963939147386	0.4141185571599425	0.34683632641125917	0.026504068146810333	0.026504068146810333	0.026504068146810333	0.08560409214983161	0.08560409214983161	0.12222223845302248	0.08560409214983161	0.12222223845302248	0.17076933330112132	0.2111378494980001	0.197958944527521	0.03657963939147386	0.38749764257272884	0.1745279672289147	0.4490454102595919	0.255802056391229	0.14932278011631528	0.0	0.0	0.0	0.0	0.06131775427428703	0.2160790661615704	0.3270024345402364	0.2443236215886737	0.304530211092615	0.04252468017045416	0.03859625954233285	0.12718317853866987	0.32899855217988644	0.32899855217988644	0.3939390427095907	0.33780750098884565	0.16711373084913442	0.28373585725774353	0.22898010636147342	0.1734858695163101	0.03657963939147386	0.026504068146810333	0.03657963939147386	0.030531723773791927	0.08915845443873055	0.12222223845302248	0.026504068146810333	0.026504068146810333	0.026504068146810333	0.170784937422125	0.0909560978857822	0.15444659953985884	0.14438302151823357	0.15444659953985884	0.15674325865531458	0.22735103007761662	0.14749588778815095	0.03507440587619185	0.028990484925224817	0.1874284642549846	0.2576615854024631	0.20237272586030788	0.09017919902152713	0.1604157646102695	0.022887747558588627	0.3913596129264565	0.07389933688088052	0.3340112573338029	0.1441291635576697	0.2851847418015719	0.13901507237074073	0.4089078376940912	0.022887747558588627	0.20503381505778862	0.08204212506297967
G1-144	0.21106777637717575	0.16107866958087633	0.1874928142926093	0.18245352170687182	0.18527716076273495	0.19666934182427953	0.18531257886672675	0.19376732401957328	0.18461565338149094	0.12389131149840497	0.18952438687237882	0.0361107133597974	0.010568468601232069	0.0	0.0	0.0	0.2477503292410842	0.26146122229575325	0.20288813286312235	0.6209068745515284	0.751321228073781	0.0361107133597974	0.04545284996577507	0.030097425407488054	0.5832983019932276	0.09927013874711077	0.16328711861027384	0.03657963939147386	0.03657963939147386	0.03657963939147386	0.4141185571599425	0.34683632641125917	0.026504068146810333	0.026504068146810333	0.026504068146810333	0.08560409214983161	0.08560409214983161	0.12222223845302248	0.08560409214983161	0.12222223845302248	0.17076933330112132	0.2111378494980001	0.197958944527521	0.03657963939147386	0.38749764257272884	0.1745279672289147	0.4490454102595919	0.255802056391229	0.14932278011631528	0.0	0.0	0.0	0.0	0.06131775427428703	0.2160790661615704	0.3270024345402364	0.2443236215886737	0.304530211092615	0.04252468017045416	0.03859625954233285	0.12718317853866987	0.32899855217988644	0.32899855217988644	0.3939390427095907	0.33780750098884565	0.16711373084913442	0.28373585725774353	0.22898010636147342	0.1734858695163101	0.03657963939147386	0.026504068146810333	0.03657963939147386	0.030531723773791927	0.08915845443873055	0.12222223845302248	0.026504068146810333	0.026504068146810333	0.026504068146810333	0.170784937422125	0.0909560978857822	0.15444659953985884	0.14438302151823357	0.15444659953985884	0.15674325865531458	0.22735103007761662	0.14749588778815095	0.03507440587619185	0.028990484925224817	0.1874284642549846	0.2576615854024631	0.20237272586030788	0.09017919902152713	0.1604157646102695	0.022887747558588627	0.3913596129264565	0.07389933688088052	0.3340112573338029	0.1441291635576697	0.2851847418015719	0.13901507237074073	0.4089078376940912	0.022887747558588627	0.20503381505778862	0.08204212506297967
G1-15	0.07024588820602472	0.1132608289707551	0.09337565441840194	0.09428187852994259	0.09109287748409244	0.1013831553713835	0.09112936233148652	0.09984541592092358	0.09648639390691925	0.17355808917435023	0.09546960933341761	0.2524409299023775	0.2538036471643133	0.2477503292410842	0.2477503292410842	0.2477503292410842	0.0	0.19259072796352572	0.14585242346650984	0.5410648108910342	0.6919388130820111	0.2524409299023775	0.2591495165859726	0.24884430588643802	0.5544253682869268	0.16404788989219968	0.1153595595964379	0.2538384522741511	0.2538384522741511	0.2538384522741511	0.41333460506401554	0.29250314522543786	0.25341740116171485	0.25341740116171485	0.25341740116171485	0.20384989083436103	0.20384989083436103	0.16978904950616056	0.20384989083436103	0.16978904950616056	0.12247836800760749	0.0764284911531128	0.3850772017211812	0.2538384522741511	0.32172164184733476	0.11838093419466103	0.44819901694026887	0.12041810879941683	0.1144364669152291	0.2477503292410842	0.2477503292410842	0.2477503292410842	0.2477503292410842	0.19813890626411362	0.24651808381278947	0.40155013216389834	0.2652392419308878	0.3264781181513925	0.2573943811805611	0.26055006412587217	0.1737832344222088	0.402997516936662	0.402997516936662	0.3354021803737244	0.23732198620000408	0.11122888575244448	0.30699494195334215	0.25709693717126547	0.11703541681930592	0.2538384522741511	0.25341740116171485	0.2538384522741511	0.2502312788022141	0.20066376847486023	0.16978904950616056	0.25341740116171485	0.25341740116171485	0.25341740116171485	0.2549562675397639	0.20765868587689326	0.15068787536421807	0.14775983570507956	0.15068787536421807	0.15271084758423992	0.21557308800245348	0.14457371334557875	0.25182037262345475	0.24818334249550014	0.09330934150415184	0.15744736457316785	0.06672724149070602	0.20079069185604762	0.1047783675072338	0.24454553429475384	0.333141815390705	0.1890900698603231	0.11540895772180239	0.1371739716631064	0.15353144946979008	0.140705330506387	0.35596842327167627	0.24454553429475384	0.06350066361926161	0.19493307041444233
G1-177	0.24974519456462313	0.209593802757969	0.27089289451498605	0.27210798262520963	0.2692444494053111	0.2788667956837412	0.2692707874169177	0.2755694579196515	0.273699247563114	0.18839738327667876	0.27240573219750464	0.26592677472562243	0.26729674522119606	0.26146122229575325	0.26146122229575325	0.26146122229575325	0.19259072796352572	0.0	0.24312400593967157	0.5302116321606093	0.6694498587442564	0.26592677472562243	0.2724833205751597	0.26245904624448807	0.5740873430871016	0.17928438706334465	0.21135193001320898	0.26736237333901613	0.26736237333901613	0.26736237333901613	0.4005418582054853	0.264956610764103	0.26701317803852653	0.26701317803852653	0.26701317803852653	0.3010285217565518	0.3010285217565518	0.1849077555423896	0.3010285217565518	0.1849077555423896	0.21731916767710246	0.2547775274417394	0.39628533476845246	0.26736237333901613	0.40407616760171533	0.22032302179974947	0.37280535406952026	0.2863175663357656	0.2174025037311756	0.26146122229575325	0.26146122229575325	0.26146122229575325	0.26146122229575325	0.2957626378512784	0.25899234780962926	0.4867676542302083	0.27706157400488957	0.31180822655345525	0.27079086654319734	0.27388962147811546	0.1887581287385902	0.48792935180932273	0.48792935180932273	0.27223717815846055	0.4004166724142167	0.21440167280025424	0.319526464331707	0.269154752215574	0.2197503867857495	0.26736237333901613	0.26701317803852653	0.26736237333901613	0.26388507713407894	0.2980455850273137	0.1849077555423896	0.26701317803852653	0.26701317803852653	0.26701317803852653	0.2675663934572983	0.30416012120387254	0.25058347538307046	0.2485154457627159	0.25058347538307046	0.25225568603123877	0.30447098252331545	0.24553250903347779	0.2653284139617276	0.26182183587738084	0.2708449964758711	0.32956846658442485	0.2477502755754711	0.2975829502311698	0.2090663504593857	0.25831512323580397	0.30756396005199144	0.2879602091580981	0.277040010130504	0.24255110699478127	0.3106768280143101	0.23517208969704376	0.4162963272864554	0.25831512323580397	0.2448589174672588	0.2927633359032995
G1-178	0.10589856398945398	0.14964460165599713	0.12936365912345082	0.13037138109714597	0.12714756173630123	0.13763810772270543	0.1271829813944441	0.13564378087549353	0.13251110823719417	0.12506091445436904	0.1313963434821079	0.20835090854426822	0.20968172786947697	0.20288813286312235	0.20288813286312235	0.20288813286312235	0.14585242346650984	0.24312400593967157	0.0	0.5281155595347469	0.7100790591261171	0.20835090854426822	0.21556450496776483	0.2043163808964973	0.5410457645133098	0.11419389967590254	0.15167919358353646	0.20960763527022386	0.20960763527022386	0.20960763527022386	0.3891551738867028	0.2591934338509793	0.20893493198609606	0.20893493198609606	0.20893493198609606	0.15641411782648093	0.15641411782648093	0.1203238823939511	0.15641411782648093	0.1203238823939511	0.15857966111621424	0.11203108991140669	0.348404004341663	0.20960763527022386	0.2849967114793526	0.0662504425833612	0.4269084954410693	0.15464250712637095	0.06162378161843085	0.20288813286312235	0.20288813286312235	0.20288813286312235	0.20288813286312235	0.15031801480565066	0.20599678902295018	0.36558475568332444	0.22691274041573778	0.29441345290834997	0.21359650766920718	0.21693830852014412	0.12480692000983061	0.3672111001963795	0.3672111001963795	0.3060302243750986	0.27493874890571934	0.05822373032602934	0.26601727283715904	0.21798331587864136	0.06442711210444357	0.20960763527022386	0.20893493198609606	0.20960763527022386	0.20555897585620364	0.15303816169658854	0.1203238823939511	0.20893493198609606	0.20893493198609606	0.20893493198609606	0.3069285204958807	0.16068908238093646	0.20626586451058576	0.20373757180628682	0.20626586451058576	0.20815671998436489	0.26691290965333503	0.20055099995596434	0.20765495934052192	0.2035746933845152	0.12929928490009565	0.19440580650609643	0.10260173023965102	0.153494208687242	0.050977732271778944	0.19949121071203157	0.3037392070583493	0.1403563621652005	0.24040655979532263	0.19747420022401796	0.18678191278143602	0.1773016959911035	0.3842382303515279	0.19949121071203157	0.0993409999827364	0.14691992389417483
