	G1-11	G1-110	G1-115	G1-116	G1-12	G1-13	G1-130	G1-131	G1-132	G1-135	G1-136	G1-138	G1-14	G1-15	G1-157	G1-158	G1-159	G1-161	G1-162	G1-177	G1-178	G1-19	G1-193	G2-194	G2-41	G2-410	G2-411	G2-412	G2-413	G2-414	G2-415	G2-416	G3-417	G3-418	G3-419	G3-42	G3-420	G3-421	G3-422	G3-423	G3-424	G3-425	G3-426	G3-427	G3-428	G3-429	G3-43	G3-430	G3-44	G3-45	G3-46	G3-47	G3-48	G3-49
G1-11	0.0	0.050957923220403795	0.07929609250456608	0.06400142557711117	0.1387231000463631	0.09237595880839171	0.242603149923478	0.15833465131186716	0.24838169060457382	0.17391533720620939	0.07340068174322076	0.14946412945085327	0.09399782320603545	0.07725605584794105	0.11531523508407576	0.06205111199236034	0.041665220488793925	0.15375473509347748	0.15147692538212543	0.1115644668002839	0.053699770750394005	0.11087456605176677	0.11366234131707212	0.0345176096987981	0.0392057740652569	0.060154414791806526	0.047691059031785665	0.050664518213071455	0.12317490088739505	0.07446883881548115	0.12899451560763314	0.15390682583508192	0.07795710414402973	0.048994409513104346	0.09410128604923497	0.03904031363761107	0.06311455896042413	0.02903348567196776	0.07255898553724002	0.05664614224299148	0.08476955118077123	0.04327287952208026	0.01978108712557476	0.07377403063856057	0.056264948094712955	0.12380826506176502	0.041425824994741664	0.0730226788963261	0.039682570818694675	0.08982950751563888	0.07026223146869344	0.06506058325392798	0.06323207286789265	0.11538636975614479
G1-110	0.050957923220403795	0.0	0.0908255690167794	0.02159415910766946	0.09849465269411985	0.14262443426752858	0.282388531376152	0.14868241037992733	0.28812068306822847	0.15398159075000595	0.05267489425178265	0.14099303694221624	0.0576404206928887	0.07120018090924893	0.06997059767978385	0.0668386680383374	0.0182040549361177	0.11247384376846672	0.10794646294836664	0.124302914018805	0.06427305878329652	0.062025773762117466	0.07397158268344221	0.024582386055905146	0.01419960930757779	0.06523564335421644	0.032443996295942475	0.04688132318475005	0.07525757471244734	0.0839720212481191	0.11663067612049223	0.13665285965343524	0.09200231856161932	0.041314214263404765	0.04734504626880476	0.01902629052639351	0.07309472893959912	0.04081178786377886	0.08303870545722558	0.04631934043499011	0.03672233791394992	0.0792155850670916	0.053169325272288	0.0865378547858522	0.0677646694140553	0.13754576090796122	0.025367219818227756	0.08461648504502577	0.016116014891114038	0.1016367348320971	0.07945675673467167	0.07567129952082516	0.06923640625382177	0.15173055291356605
G1-115	0.07929609250456608	0.0908255690167794	0.0	0.09382591577971296	0.1805636449991549	0.12864940294534824	0.2951003770734893	0.23486709204044906	0.30086332818435907	0.2010293337031502	0.13162831739239123	0.2257709081185411	0.14371936329241763	0.11525334406730378	0.15550170057151688	0.026196500323910993	0.07373886257558333	0.19153084651670851	0.18838028132386606	0.05367230919017136	0.029146378758024487	0.14980573233968056	0.15548823025014413	0.07352943101339672	0.07791915356204791	0.029839018162888167	0.05931804488342273	0.045121149241049076	0.16288707851706638	0.016141367970568133	0.160817502778277	0.1822816436492279	0.05502224846209493	0.0784255914197236	0.13325477379681772	0.07418602891636679	0.018261610978100327	0.07016689421726871	0.013099994247251884	0.08391942479673807	0.12423725695666013	0.03793848214057342	0.060756698192201496	0.015549103300722874	0.024952370886162676	0.06580625488651157	0.06602525055464657	0.015022472584121958	0.07566671749900403	0.03373383361965916	0.013324841748441115	0.018836608873680268	0.023177423003551294	0.154320745686333
G1-116	0.06400142557711117	0.02159415910766946	0.09382591577971296	0.0	0.087636850088656	0.15601483051560963	0.28200111054657206	0.14362061706012796	0.2877302813353295	0.15175478307464255	0.046738271698994825	0.1405851998237467	0.052583926434205716	0.06868861008841638	0.06221764251942672	0.0856082760291337	0.036875855427967966	0.0993801952140967	0.0953854766222936	0.13878816719494444	0.07966156700617488	0.05861348317807602	0.06315677408831048	0.03686447252821963	0.030641459144532042	0.074202257825962	0.04002413350887316	0.0552734131120883	0.0712301031612544	0.09968269682425451	0.11224481508210851	0.1336619279097551	0.10522121303954211	0.05576399559416825	0.04196973112697656	0.033866742170757864	0.08749258232841976	0.057572892772678866	0.09724611902519893	0.06153270037190017	0.033343990386969696	0.09212888856891385	0.06643454496536512	0.09994510717076636	0.08181683485046096	0.1508059181646462	0.04346322483379147	0.09888913412794773	0.031609956686996024	0.11774171227129869	0.09516797196048023	0.07931473684053636	0.07724842942579632	0.14263405213805974
G1-12	0.1387231000463631	0.09849465269411985	0.1805636449991549	0.087636850088656	0.0	0.22977763776540516	0.26654273139630213	0.10050950111164247	0.27219297576671203	0.10694251835318035	0.07982799046855196	0.1227092534900495	0.06940752618495152	0.1368852277952417	0.02897207907564577	0.16273744222812161	0.11389770929628011	0.01867246668129217	0.014735381281785991	0.21351335752376857	0.15414588269279675	0.0480083313831045	0.026428486480900015	0.11189936563727867	0.10773170241979668	0.16118186698993056	0.1270484901864389	0.14229776969380734	0.040233832500240874	0.17646918785186685	0.12837604745834816	0.1429978189173771	0.17993900702621976	0.1314442645828629	0.06551315139720752	0.10991317496932156	0.16411038830478916	0.13455672651606068	0.17332271069718871	0.13881449350038833	0.08175772918948357	0.1674725176652067	0.14087828123947255	0.17536243961213005	0.15731525381430222	0.22604435557727623	0.1204850778394838	0.174074410432066	0.10819191558871114	0.1949374297037052	0.17065375489296228	0.16624937605824658	0.16422803944599493	0.20485506084067995
G1-13	0.09237595880839171	0.14262443426752858	0.12864940294534824	0.15601483051560963	0.22977763776540516	0.0	0.17892219899246056	0.19792374384153244	0.17819099143067377	0.2322470267665873	0.15563193053229374	0.16576770352700687	0.1750647700823876	0.1333798129127023	0.2070860303807036	0.12326199522566508	0.12576223605503353	0.24562446415173292	0.24345983728523818	0.12250533740458491	0.11818646015625867	0.20222808271379117	0.20543405297305392	0.12155707830935684	0.12917709777326558	0.12848448830206327	0.12241801620708061	0.1249357215707171	0.21337684826437595	0.12176583863759848	0.1664685330586266	0.18085429312662607	0.10215167382553936	0.11912220640327524	0.18444532993896107	0.1253256489227635	0.12034982135224984	0.11052596563802079	0.12105289724541117	0.13041676239928238	0.16703259352005426	0.09404614091031943	0.09429800341834439	0.11963796902545343	0.11868413224860219	0.12409400202049779	0.11794155054642357	0.12103821232927868	0.12752931287570157	0.11962605121099416	0.12143848926100642	0.12582431689785822	0.12815237437003055	0.10080582247608712
G1-130	0.242603149923478	0.282388531376152	0.2951003770734893	0.28200111054657206	0.26654273139630213	0.17892219899246056	0.0	0.181098416999672	0.007628562634175505	0.25221217078055347	0.2520799751338808	0.1659013271440502	0.26051071756043026	0.25771358859105403	0.27283091588445146	0.289698023929854	0.2832267968107983	0.2659989129282665	0.2690116439271508	0.2889413778979113	0.28462249965277975	0.2785150086971825	0.26928877860175016	0.2760963822422089	0.28033738684814985	0.295320968027729	0.2891899128414759	0.2916860911895983	0.2797843614599181	0.28870016127619796	0.2543716325104799	0.27100274605275887	0.27461029956338934	0.27304368156370057	0.27977182030312886	0.28060796603180405	0.2867266799659592	0.269437294068986	0.28748893773873735	0.2873963893776779	0.2766298360325217	0.26022410724444267	0.2604845120590385	0.2858330203305459	0.2848706410682102	0.29036924785281515	0.2829320325043482	0.28722472114888664	0.28135679602004665	0.28606208629856966	0.2878745271856427	0.2926001001108571	0.294773160203597	0.20808103653219945
G1-131	0.15833465131186716	0.14868241037992733	0.23486709204044906	0.14362061706012796	0.10050950111164247	0.19792374384153244	0.181098416999672	0.0	0.18735245578373058	0.14421820871232643	0.1154892784401845	0.035114733178772936	0.0982102971285197	0.1747297576631043	0.1036503884583416	0.21497481488714357	0.1663567779751756	0.09651076971765106	0.09977042046121763	0.2678563621501259	0.21067861211503025	0.09921393820670923	0.1026180604143166	0.16553954853934663	0.16091692870236757	0.21014050184246563	0.17818542539787346	0.19245115302848456	0.10145933350039753	0.22875296377338006	0.17478096612088462	0.19322277405400623	0.22960272978194432	0.18104251220542011	0.10900850180500407	0.16589382850360126	0.21835807018586184	0.17283782347593613	0.2283633074815558	0.18837893286957072	0.11959224898638063	0.19981431948119824	0.17692682829332965	0.22986414272424602	0.21205949927944331	0.2804618290079363	0.17303780200130062	0.2292017799488498	0.16389225277689895	0.24404005766683476	0.22676178145956935	0.22005892668384186	0.21500296322767318	0.19371138873267738
G1-132	0.24838169060457382	0.28812068306822847	0.30086332818435907	0.2877302813353295	0.27219297576671203	0.17819099143067377	0.007628562634175505	0.18735245578373058	0.0	0.2563786470947657	0.2562945451214056	0.16992733277032784	0.2646957747081175	0.26186053596655345	0.2786237636163512	0.2954301756219303	0.28895894850287474	0.27183117102318444	0.27478022509170597	0.29467352958998766	0.2903546513448562	0.28424716038925885	0.275109781007224	0.2819173846476826	0.28606953854022626	0.30104450876280087	0.2949134535765478	0.2974096319374499	0.2855627224491827	0.2945040787107029	0.2585186483447196	0.2701806355186598	0.27879381334162756	0.27718215491245574	0.28556466803502867	0.2863401177238805	0.2924588316580356	0.27516944576106234	0.2932210894308137	0.2931285410697542	0.2807810888801334	0.26604510964991673	0.26629697197902785	0.2916369377650506	0.29068310098819944	0.2961141042173277	0.2886641841964246	0.29303718106887583	0.287088947712123	0.2917942379906459	0.293606678877719	0.2983843368857524	0.3005573969784924	0.2123137957351435
G1-135	0.17391533720620939	0.15398159075000595	0.2010293337031502	0.15175478307464255	0.10694251835318035	0.2322470267665873	0.25221217078055347	0.14421820871232643	0.2563786470947657	0.0	0.1239389578511808	0.14094323171533224	0.11603685883254664	0.10819630449446604	0.11998811848772596	0.18768682537905687	0.16166642168042056	0.09933514675696314	0.10201952126804364	0.22558397001779704	0.18518292959081722	0.12831649285154317	0.1198597737603711	0.16252670068964134	0.1580710763292697	0.18904740143679263	0.17057953636222825	0.17872284613571396	0.1250962542583786	0.19376096995675723	0.06643195770832011	0.07303008500678496	0.1632015746593057	0.1283701302969775	0.13586737641322155	0.16179392540595644	0.1890812910793345	0.168058497600607	0.19430842132833953	0.16771216296348238	0.13202859428243838	0.18901182805036335	0.1762813147841319	0.19492057120696205	0.185938537241886	0.2384903626706901	0.16487177666518413	0.1952920211184623	0.16117283232426857	0.204164355717518	0.19374024206350843	0.1917737600678099	0.1901241112408103	0.20700929935559123
G1-136	0.07340068174322076	0.05267489425178265	0.13162831739239123	0.046738271698994825	0.07982799046855196	0.15563193053229374	0.2520799751338808	0.1154892784401845	0.2562945451214056	0.1239389578511808	0.0	0.10224781759675922	0.023990232219323438	0.06455692254586008	0.056367879663827655	0.11436115035722526	0.06549146325690192	0.09481118979806666	0.09264656293157193	0.1622534616163426	0.10602768012998902	0.0528691970245154	0.05508842089009586	0.06042241304946187	0.058537751497951575	0.11205669612238353	0.07849933125069572	0.09377013811862593	0.0650371060525946	0.12628231756787872	0.08026575582858378	0.10517806524453097	0.11876807596798049	0.07046059561829837	0.040758446886088213	0.06123159454663606	0.11543885687113216	0.07557991201904837	0.12500464320584817	0.08790748757014596	0.03461372154462374	0.10271121987427873	0.07659977627442277	0.12625203756045394	0.10856396785039668	0.17635609865767152	0.07206994805973749	0.12533051195688996	0.059948557253695835	0.1410559001851369	0.12214416901600707	0.11631263160005795	0.11550462480013442	0.13065158721436312
G1-138	0.14946412945085327	0.14099303694221624	0.2257709081185411	0.1405851998237467	0.1227092534900495	0.16576770352700687	0.1659013271440502	0.035114733178772936	0.16992733277032784	0.14094323171533224	0.10224781759675922	0.0	0.09847142898031043	0.16028822763708758	0.12609022397672165	0.2056586611631622	0.15728995440729338	0.11896186595682037	0.12222714675407235	0.25803059938504197	0.2017615064550843	0.11993475528781145	0.12534982462029914	0.15690121231584694	0.15199982304242143	0.2004141156700355	0.16926832004463666	0.18322737322054214	0.12050497943132235	0.21948112917641205	0.16892848820557718	0.1898437467767648	0.2150034553867549	0.16729487865657494	0.12025402562227976	0.1569635635924993	0.20944096452591576	0.1635282160456827	0.21933971767144683	0.17848179012419085	0.11378402267129727	0.19118914245773636	0.168301651320986	0.2211198991455316	0.20343432230709965	0.27058210444521413	0.16412069634135457	0.2205634435911649	0.15497514711695287	0.23398851592219133	0.21759192997348234	0.21088907550446417	0.2055619554530789	0.16937028110703262
G1-14	0.09399782320603545	0.0576404206928887	0.14371936329241763	0.052583926434205716	0.06940752618495152	0.1750647700823876	0.26051071756043026	0.0982102971285197	0.2646957747081175	0.11603685883254664	0.023990232219323438	0.09847142898031043	0.0	0.07857665057190283	0.043479775350549525	0.12358355815242698	0.07531478907407943	0.0817387436055	0.07989897992847368	0.17646509981796518	0.11963661827463717	0.02948124437261094	0.044402505314749575	0.0747598309515063	0.06987493647858775	0.11866743928457857	0.08706163205379866	0.10102068519775519	0.041189409687810236	0.1373431755204858	0.07802761816864158	0.10047046044932097	0.13145436324396406	0.08319274367603885	0.03022551549362984	0.07485183466320805	0.1273160763454686	0.08754760105689548	0.13721482949099972	0.09698767053741	0.026689022512446096	0.12209240911133837	0.09657301853015805	0.13894827355906597	0.12127123920611856	0.18907056667577563	0.0819958100714506	0.13841351974133972	0.07285025975439713	0.15264879533467404	0.13571978761917616	0.1289351330905658	0.12352990163464234	0.15077693427088926
G1-15	0.07725605584794105	0.07120018090924893	0.11525334406730378	0.06868861008841638	0.1368852277952417	0.1333798129127023	0.25771358859105403	0.1747297576631043	0.26186053596655345	0.10819630449446604	0.06455692254586008	0.16028822763708758	0.07857665057190283	0.0	0.11222827032895871	0.10399717068698505	0.07881500490928309	0.1507829321690295	0.1488469771738582	0.13622140675196118	0.09856706468145983	0.10729430954234408	0.1117287343855169	0.07380520205915804	0.07357986008491225	0.10665945869231448	0.08792327484214583	0.09608910483037293	0.11930906524896395	0.10957742812986704	0.06077065242347815	0.08548076595375588	0.07434251327806021	0.04236034108876226	0.09009851140356914	0.07540452026250123	0.10348697563080839	0.07875699595977292	0.10824785845071108	0.0760692108328255	0.07120047159120838	0.09179936791891864	0.07925672310789954	0.10834568310187677	0.09953934082064658	0.148839567279276	0.08138724278845978	0.10886203883630666	0.07518295053793714	0.11588786964952406	0.10760677635060709	0.10669096024650095	0.107244587078861	0.12125703407374545
G1-157	0.11531523508407576	0.06997059767978385	0.15550170057151688	0.06221764251942672	0.02897207907564577	0.2070860303807036	0.27283091588445146	0.1036503884583416	0.2786237636163512	0.11998811848772596	0.056367879663827655	0.12609022397672165	0.043479775350549525	0.11222827032895871	0.0	0.13426894019874364	0.08609780475041709	0.04319818889786984	0.0385041843967977	0.18901282681578263	0.12882566927336583	0.020277800299410228	0.005497270806495778	0.08836468280582202	0.07975856781654986	0.13350148137026094	0.09996318288332591	0.11523498260543594	0.012702789133355999	0.1491064886778376	0.10522882368564006	0.11900862340762383	0.15659815504945165	0.10560302009697539	0.03943575240960091	0.08320616754430309	0.13759957148959334	0.10848378219666807	0.14771483793209092	0.11247522840138703	0.05408926590301256	0.14381142155492393	0.11748830296969685	0.15113369127368456	0.1322710123187828	0.20214159739579368	0.09275412535829843	0.14912282794975326	0.08078777123144235	0.16786107230930636	0.144916380471281	0.1402064390998246	0.13625583142350867	0.18126236456253642
G1-158	0.06205111199236034	0.0668386680383374	0.026196500323910993	0.0856082760291337	0.16273744222812161	0.12326199522566508	0.289698023929854	0.21497481488714357	0.2954301756219303	0.18768682537905687	0.11436115035722526	0.2056586611631622	0.12358355815242698	0.10399717068698505	0.13426894019874364	0.0	0.04979529491451079	0.17644589263109706	0.17214718375899773	0.05972318215953662	0.00939406937854903	0.12795870905517637	0.13796966995467594	0.0565684970467195	0.05623003204128198	0.020052714810421705	0.04912803883805292	0.03588604983449883	0.14130755534831754	0.0197522408347418	0.14965633776955184	0.16967852019067378	0.044451549631319656	0.06406856304758167	0.1132518842872096	0.05413971275861556	0.009251990827373305	0.05061148975796576	0.019079449476842973	0.06652677411529861	0.10268473002913389	0.03245614523212875	0.04324040630002409	0.022687483485261905	0.006398266073794683	0.07313266964719835	0.04308254980527182	0.020762629038139545	0.054911354282220354	0.03642230068485933	0.015596153492654396	0.014148010011533181	0.014929687154596053	0.15845142252066052
G1-159	0.041665220488793925	0.0182040549361177	0.07373886257558333	0.036875855427967966	0.11389770929628011	0.12576223605503353	0.2832267968107983	0.1663567779751756	0.28895894850287474	0.16166642168042056	0.06549146325690192	0.15728995440729338	0.07531478907407943	0.07881500490928309	0.08609780475041709	0.04979529491451079	0.0	0.1278923773032668	0.12373109043123849	0.10692737553202372	0.047542595351767296	0.07947563365262633	0.08940359728228398	0.010139862772564201	0.007471358646528071	0.0509246065899906	0.016656401810101695	0.031928201532211715	0.09346162964856504	0.06751296645723233	0.12424550012052643	0.14426768286752698	0.07496113318291453	0.03875073843239392	0.06465343093979752	0.005721337961851938	0.05676221728203105	0.024613076308390942	0.0663764945666724	0.029749940036172765	0.05492639285006762	0.0621743996883868	0.03620700851015582	0.06949666940714741	0.050902471201560225	0.12050457552925646	0.008326034439522971	0.06799421384801214	0.006433433450036788	0.08380400542532207	0.06251660339775736	0.05855090373528948	0.053694906089592355	0.15224011353604738
G1-161	0.15375473509347748	0.11247384376846672	0.19153084651670851	0.0993801952140967	0.01867246668129217	0.24562446415173292	0.2659989129282665	0.09651076971765106	0.27183117102318444	0.09933514675696314	0.09481118979806666	0.11896186595682037	0.0817387436055	0.1507829321690295	0.04319818889786984	0.17644589263109706	0.1278923773032668	0.0	0.005307892290905895	0.2284736091296138	0.1707627901190093	0.06173095313915191	0.04289930292581159	0.12645979522448297	0.12098273292707451	0.17241721331630583	0.13823908899921694	0.153488368602432	0.054298449515694375	0.19009586226388908	0.14386918569886759	0.1597505856061251	0.19512239637825207	0.14693009465653353	0.07895606184087517	0.12512821871333224	0.1789292984860921	0.14558877727866654	0.1888303898650251	0.1505695379343615	0.09521569569808737	0.18087106561798355	0.1562737866934513	0.1907395708612235	0.17328730258545938	0.24023557663057507	0.13414537683551267	0.19022819899132135	0.12328181448840299	0.20674271092904412	0.1870925771471336	0.17798838302186892	0.17522751183494398	0.21554718379481394
G1-162	0.15147692538212543	0.10794646294836664	0.18838028132386606	0.0953854766222936	0.014735381281785991	0.24345983728523818	0.2690116439271508	0.09977042046121763	0.27478022509170597	0.10201952126804364	0.09264656293157193	0.12222714675407235	0.07989897992847368	0.1488469771738582	0.0385041843967977	0.17214718375899773	0.12373109043123849	0.005307892290905895	0.0	0.22647093511657335	0.1662781475204712	0.05778798423529911	0.03970252025023537	0.1248227621631767	0.11714828596278433	0.16748782822028135	0.1333097039031925	0.14855898350640762	0.04984275366172514	0.18604627654108172	0.141726111709448	0.15672601530894162	0.19272606502538903	0.14241959370880794	0.07573431033592339	0.12077222108504014	0.17427079978608997	0.1450763374653466	0.183995393183742	0.14887636184476236	0.09102573970946119	0.1801055839782769	0.153867947141973	0.1876615656832441	0.16927535691347045	0.23855399094653978	0.13026430884051315	0.1858225042683045	0.11844681780711991	0.20535665378037718	0.18271395028894666	0.17362173677898152	0.1703588227787432	0.21433260785685926
G1-177	0.1115644668002839	0.124302914018805	0.05367230919017136	0.13878816719494444	0.21351335752376857	0.12250533740458491	0.2889413778979113	0.2678563621501259	0.29467352958998766	0.22558397001779704	0.1622534616163426	0.25803059938504197	0.17646509981796518	0.13622140675196118	0.18901282681578263	0.05972318215953662	0.10692737553202372	0.2284736091296138	0.22647093511657335	0.0	0.06037979203682801	0.18293756727527896	0.18873080551484075	0.10615226615661943	0.11075286436543423	0.07594862830730555	0.10498956403450711	0.09174757459005842	0.19720347000814065	0.04339987247337691	0.17099045299942955	0.19231937435789662	0.06663890917576228	0.11203997344943036	0.1667948094860911	0.10699190437539408	0.052985888186657656	0.10248226439670323	0.04257601250797447	0.11392694686898605	0.15778103050517098	0.0703032632279601	0.09266717087796345	0.03995283997841963	0.05889028725854156	0.01839609672787954	0.09944104313149026	0.042600905750895375	0.10905385003026645	0.02921051887983656	0.04521046261366854	0.0651543274145243	0.07086579413974312	0.1629135439136098
G1-178	0.053699770750394005	0.06427305878329652	0.029146378758024487	0.07966156700617488	0.15414588269279675	0.11818646015625867	0.28462249965277975	0.21067861211503025	0.2903546513448562	0.18518292959081722	0.10602768012998902	0.2017615064550843	0.11963661827463717	0.09856706468145983	0.12882566927336583	0.00939406937854903	0.047542595351767296	0.1707627901190093	0.1662781475204712	0.06037979203682801	0.0	0.12468461988390414	0.12962637610499028	0.0486637028951216	0.05112855854982878	0.01695272740248477	0.045192898876371915	0.032406663402927166	0.13820756785092378	0.02382978864985971	0.14275635061280637	0.16300374019731825	0.03801986905114001	0.05817343640028712	0.10968969163765274	0.0469333286925203	0.011824331410140325	0.04670739815263184	0.021174334615431764	0.0631320666551267	0.09887250568632955	0.02794626583284167	0.03475773045824635	0.024308740727265053	0.005888719611006447	0.07410996648813697	0.03999594986778547	0.021972099187629195	0.04889156884050164	0.042389004620954046	0.017939351980011974	0.013841768214887211	0.01236589483971819	0.15467552941660792
G1-19	0.11087456605176677	0.062025773762117466	0.14980573233968056	0.05861348317807602	0.0480083313831045	0.20222808271379117	0.2785150086971825	0.09921393820670923	0.28424716038925885	0.12831649285154317	0.0528691970245154	0.11993475528781145	0.02948124437261094	0.10729430954234408	0.020277800299410228	0.12795870905517637	0.07947563365262633	0.06173095313915191	0.05778798423529911	0.18293756727527896	0.12468461988390414	0.0	0.023297447147953232	0.08404122402653963	0.07492167678594816	0.12494939411781028	0.09270605826019658	0.1069687506187753	0.01736123140977642	0.14415238429261312	0.1002813824356227	0.11393702733859727	0.1513822330501198	0.10160631221972309	0.02247534248596254	0.07938759066482803	0.13342719132623046	0.10007987308656521	0.1430774633320274	0.10559925934352725	0.038374021323966306	0.138727539901794	0.11317546077940761	0.14604087113430114	0.12779826908996827	0.19692567539646177	0.08625380627718673	0.14443154314694218	0.07717188380949865	0.16161508733237942	0.14020155193150452	0.13457976597369425	0.12954331167764083	0.17482220070604662
G1-193	0.11366234131707212	0.07397158268344221	0.15548823025014413	0.06315677408831048	0.026428486480900015	0.20543405297305392	0.26928877860175016	0.1026180604143166	0.275109781007224	0.1198597737603711	0.05508842089009586	0.12534982462029914	0.044402505314749575	0.1117287343855169	0.005497270806495778	0.13796966995467594	0.08940359728228398	0.04289930292581159	0.03970252025023537	0.18873080551484075	0.12962637610499028	0.023297447147953232	0.0	0.08599002333243093	0.083026320117411	0.13670185117641506	0.10252372758137096	0.11777300708873939	0.015948171100372055	0.15158079014384576	0.10352530190088798	0.11857589140048293	0.15513746567931833	0.10696364174661778	0.04097238817761745	0.08534171164404292	0.13948201283999853	0.10943815524721534	0.14874563232175658	0.11353748301422781	0.05717741208516135	0.1415407366334036	0.11503226768375782	0.14990153514661708	0.13210678471510542	0.20058566030126387	0.0957286719092534	0.14893180971232045	0.08363697776745549	0.16992188635306466	0.14626122240023556	0.14189682279130725	0.1396864727025052	0.179962033735176
G2-194	0.0345176096987981	0.024582386055905146	0.07352943101339672	0.03686447252821963	0.11189936563727867	0.12155707830935684	0.2760963822422089	0.16553954853934663	0.2819173846476826	0.16252670068964134	0.06042241304946187	0.15690121231584694	0.0747598309515063	0.07380520205915804	0.08836468280582202	0.0565684970467195	0.010139862772564201	0.12645979522448297	0.1248227621631767	0.10615226615661943	0.0486637028951216	0.08404122402653963	0.08599002333243093	0.0	0.011414641090496157	0.05523796210814151	0.021016872295437857	0.03612293107727453	0.09678739905334374	0.07010683682488919	0.11845621966623336	0.1421184924055169	0.07311272509582543	0.0376162848035809	0.067841408471692	0.007310551951747502	0.05807710179530486	0.02531094339215063	0.06734072127706288	0.03130938006106751	0.05870570736624995	0.05672014078786469	0.031173177573746155	0.0680959030198604	0.050534734944735926	0.118044716686085	0.014378201710824667	0.06727742864899819	0.008754811020793661	0.08523878412641867	0.06479849317572349	0.06049564747440516	0.05829845663675903	0.14505846017291107
G2-41	0.0392057740652569	0.01419960930757779	0.07791915356204791	0.030641459144532042	0.10773170241979668	0.12917709777326558	0.28033738684814985	0.16091692870236757	0.28606953854022626	0.1580710763292697	0.058537751497951575	0.15199982304242143	0.06987493647858775	0.07357986008491225	0.07975856781654986	0.05623003204128198	0.007471358646528071	0.12098273292707451	0.11714828596278433	0.11075286436543423	0.05112855854982878	0.07492167678594816	0.083026320117411	0.011414641090496157	0.0	0.05668679596571215	0.02237562529404226	0.03760445879849276	0.08894741468641663	0.07150655818688485	0.11899603322360239	0.13900389722073345	0.07837599490114658	0.03350523883752679	0.06010128305378401	0.005829735992159723	0.060837175605461744	0.029971319909018794	0.07064372747011463	0.03378758907236526	0.04942006001526423	0.06611479253073628	0.04010109136153893	0.07384080977564993	0.05528080664734088	0.12435737985091971	0.013943023435732725	0.07218701748192409	0.003543296977237465	0.08908462252315359	0.06711221739569871	0.06213468392567058	0.05929624082237316	0.14943203020217813
G2-410	0.060154414791806526	0.06523564335421644	0.029839018162888167	0.074202257825962	0.16118186698993056	0.12848448830206327	0.295320968027729	0.21014050184246563	0.30104450876280087	0.18904740143679263	0.11205669612238353	0.2004141156700355	0.11866743928457857	0.10665945869231448	0.13350148137026094	0.020052714810421705	0.0509246065899906	0.17241721331630583	0.16748782822028135	0.07594862830730555	0.01695272740248477	0.12494939411781028	0.13670185117641506	0.05523796210814151	0.05668679596571215	0.0	0.034311171393714576	0.019421957906134626	0.13558731133208388	0.03404932404918908	0.1518918788319481	0.17326424530254703	0.046625370824114575	0.06605150444139621	0.10812809650725437	0.05415985309480306	0.023982018909384378	0.04800946955046587	0.03400789858061371	0.06638610140923588	0.09696426691977662	0.03888426992064634	0.04176564502143561	0.03753057815683779	0.01928483520169452	0.08787408712218732	0.043990639897797994	0.03579845015878945	0.05520560016068159	0.05435721445829874	0.03266935227535381	0.013634826390754804	0.007196392473769856	0.15671758046471324
G2-411	0.047691059031785665	0.032443996295942475	0.05931804488342273	0.04002413350887316	0.1270484901864389	0.12241801620708061	0.2891899128414759	0.17818542539787346	0.2949134535765478	0.17057953636222825	0.07849933125069572	0.16926832004463666	0.08706163205379866	0.08792327484214583	0.09996318288332591	0.04912803883805292	0.016656401810101695	0.13823908899921694	0.1333097039031925	0.10498956403450711	0.045192898876371915	0.09270605826019658	0.10252372758137096	0.021016872295437857	0.02237562529404226	0.034311171393714576	0.0	0.015336445690925285	0.10494768896200454	0.06353499108353843	0.13331763030715246	0.15464723036433578	0.07146260740008607	0.0473239282761563	0.07675856764613807	0.01993639543234516	0.05297522047564143	0.028761566557776893	0.06260659529892187	0.038667165834479884	0.0664225435379096	0.05877059429203074	0.033037375400828635	0.06605005798928842	0.047703996110161954	0.11710077013290039	0.00972243544378766	0.06434113318623821	0.020963156940185603	0.08355574615905134	0.06105740291950147	0.04338755324002007	0.037649582535920205	0.15036279132069794
G2-412	0.050664518213071455	0.04688132318475005	0.045121149241049076	0.0552734131120883	0.14229776969380734	0.1249357215707171	0.2916860911895983	0.19245115302848456	0.2974096319374499	0.17872284613571396	0.09377013811862593	0.18322737322054214	0.10102068519775519	0.09608910483037293	0.11523498260543594	0.03588604983449883	0.031928201532211715	0.153488368602432	0.14855898350640762	0.09174757459005842	0.032406663402927166	0.1069687506187753	0.11777300708873939	0.03612293107727453	0.03760445879849276	0.019421957906134626	0.015336445690925285	0.0	0.11890674210596122	0.05028588485454531	0.14146094008063814	0.16281306035256304	0.05819809774089584	0.055833544382432446	0.09071762079009475	0.03520819515445517	0.04001738592930376	0.031111052932512942	0.04954227644267689	0.05091951302315853	0.08038159668186626	0.04591924332077607	0.0328371689657769	0.05300703536243705	0.034917759045662904	0.10383626047371017	0.024994235165897688	0.05143137430307733	0.03623495666229562	0.07031375715549723	0.048207276764265686	0.029431161289706173	0.023313350714417508	0.15285896970715912
G2-413	0.12317490088739505	0.07525757471244734	0.16288707851706638	0.0712301031612544	0.040233832500240874	0.21337684826437595	0.2797843614599181	0.10145933350039753	0.2855627224491827	0.1250962542583786	0.0650371060525946	0.12050497943132235	0.041189409687810236	0.11930906524896395	0.012702789133355999	0.14130755534831754	0.09346162964856504	0.054298449515694375	0.04984275366172514	0.19720347000814065	0.13820756785092378	0.01736123140977642	0.015948171100372055	0.09678739905334374	0.08894741468641663	0.13558731133208388	0.10494768896200454	0.11890674210596122	0.0	0.15542934167128497	0.11183835598263263	0.12670792185653873	0.16316136961390917	0.11300600174450913	0.030825798982437737	0.0931927246481871	0.14506945391836795	0.11306131888828666	0.15517265942248265	0.11765335524056304	0.04835268786743833	0.15113098480214443	0.1254364171795917	0.15834583882872752	0.14007013764993378	0.2087048886531758	0.10054597153626817	0.15658375276677317	0.09072050034730245	0.17551064062022048	0.15384389619362884	0.14805853963143348	0.14092465106611365	0.18770294851776187
G2-414	0.07446883881548115	0.0839720212481191	0.016141367970568133	0.09968269682425451	0.17646918785186685	0.12176583863759848	0.28870016127619796	0.22875296377338006	0.2945040787107029	0.19376096995675723	0.12628231756787872	0.21948112917641205	0.1373431755204858	0.10957742812986704	0.1491064886778376	0.0197522408347418	0.06751296645723233	0.19009586226388908	0.18604627654108172	0.04339987247337691	0.02382978864985971	0.14415238429261312	0.15158079014384576	0.07010683682488919	0.07150655818688485	0.03404932404918908	0.06353499108353843	0.05028588485454531	0.15542934167128497	0.0	0.15507722021263004	0.17620172972538817	0.049797841923144556	0.07284028964570975	0.12770189418510752	0.06891963568282024	0.013138386711572058	0.06510715352297605	0.003549763486229666	0.07784727859016626	0.1168663440910943	0.034543305056972826	0.05643912685459189	0.004956488848911908	0.01969614874811589	0.05537965201712371	0.05991094904903161	0.0036183958371895394	0.07036741042739299	0.021781879257409507	0.008269898853210863	0.02677388336628556	0.02915427987723738	0.1582168250687798
G2-415	0.12899451560763314	0.11663067612049223	0.160817502778277	0.11224481508210851	0.12837604745834816	0.1664685330586266	0.2543716325104799	0.17478096612088462	0.2585186483447196	0.06643195770832011	0.08026575582858378	0.16892848820557718	0.07802761816864158	0.06077065242347815	0.10522882368564006	0.14965633776955184	0.12424550012052643	0.14386918569886759	0.141726111709448	0.17099045299942955	0.14275635061280637	0.1002813824356227	0.10352530190088798	0.11845621966623336	0.11899603322360239	0.1518918788319481	0.13331763030715246	0.14146094008063814	0.11183835598263263	0.15507722021263004	0.0	0.02491231022744876	0.10599773730990412	0.08767904666069498	0.09940322047347046	0.12082069410406679	0.14873722893419278	0.12882329456968436	0.15354886484891567	0.1291969985103231	0.0948842984575432	0.14380607073115365	0.13072290125093342	0.1533959597904431	0.14491985902720145	0.17791248706903884	0.12681773799970308	0.1536932431419585	0.12081167418234313	0.16175438608626333	0.15271093759598145	0.1523541667540773	0.15292127404984013	0.14929231369234663
G2-416	0.15390682583508192	0.13665285965343524	0.1822816436492279	0.1336619279097551	0.1429978189173771	0.18085429312662607	0.27100274605275887	0.19322277405400623	0.2701806355186598	0.07303008500678496	0.10517806524453097	0.1898437467767648	0.10047046044932097	0.08548076595375588	0.11900862340762383	0.16967852019067378	0.14426768286752698	0.1597505856061251	0.15672601530894162	0.19231937435789662	0.16300374019731825	0.11393702733859727	0.11857589140048293	0.1421184924055169	0.13900389722073345	0.17326424530254703	0.15464723036433578	0.16281306035256304	0.12670792185653873	0.17620172972538817	0.02491231022744876	0.0	0.12779871989273187	0.1091106410376465	0.1207841733896967	0.14084288154116323	0.17019655783558824	0.15216213638607384	0.17496167554630285	0.15110571544052487	0.11617845520894163	0.16870983847311793	0.15563521147838216	0.1749706938238388	0.1660643206661982	0.19996796072079814	0.14683992377545763	0.17496719601571917	0.14083386105074944	0.18392780678977755	0.17272024441632067	0.17360800802484763	0.17403465761640638	0.17397502055529082
G3-417	0.07795710414402973	0.09200231856161932	0.05502224846209493	0.10522121303954211	0.17993900702621976	0.10215167382553936	0.27461029956338934	0.22960272978194432	0.27879381334162756	0.1632015746593057	0.11876807596798049	0.2150034553867549	0.13145436324396406	0.07434251327806021	0.15659815504945165	0.044451549631319656	0.07496113318291453	0.19512239637825207	0.19272606502538903	0.06663890917576228	0.03801986905114001	0.1513822330501198	0.15513746567931833	0.07311272509582543	0.07837599490114658	0.046625370824114575	0.07146260740008607	0.05819809774089584	0.16316136961390917	0.049797841923144556	0.10599773730990412	0.12779871989273187	0.0	0.0521059022548152	0.13366332432848327	0.07465878642530173	0.0435018492730184	0.07047561308284533	0.048147002388706346	0.07967191704052771	0.11671519828515418	0.045956288395900775	0.05964980014384199	0.0479598809582491	0.03996614296219797	0.07541908258091742	0.06714044767430456	0.048578934336116014	0.07684346482020177	0.057949745651258676	0.047474279078481244	0.04693700095316957	0.04765733434137214	0.14066390425329042
G3-418	0.048994409513104346	0.041314214263404765	0.0784255914197236	0.05576399559416825	0.1314442645828629	0.11912220640327524	0.27304368156370057	0.18104251220542011	0.27718215491245574	0.1283701302969775	0.07046059561829837	0.16729487865657494	0.08319274367603885	0.04236034108876226	0.10560302009697539	0.06406856304758167	0.03875073843239392	0.14693009465653353	0.14241959370880794	0.11203997344943036	0.05817343640028712	0.10160631221972309	0.10696364174661778	0.0376162848035809	0.03350523883752679	0.06605150444139621	0.0473239282761563	0.055833544382432446	0.11300600174450913	0.07284028964570975	0.08767904666069498	0.1091106410376465	0.0521059022548152	0.0	0.08540330792908077	0.03495837744853051	0.0625379680515408	0.04712624044424698	0.07057310355444871	0.04974492892488363	0.06637032278382546	0.06609306381545071	0.05145773549524945	0.0738906791069389	0.060223112785164616	0.12440702923695564	0.04155480366313577	0.07174267688192022	0.03495435724049565	0.09297305041656347	0.06894730814013732	0.06671241991514801	0.06684675105576215	0.1378635498379118
G3-419	0.09410128604923497	0.04734504626880476	0.13325477379681772	0.04196973112697656	0.06551315139720752	0.18444532993896107	0.27977182030312886	0.10900850180500407	0.28556466803502867	0.13586737641322155	0.040758446886088213	0.12025402562227976	0.03022551549362984	0.09009851140356914	0.03943575240960091	0.1132518842872096	0.06465343093979752	0.07895606184087517	0.07573431033592339	0.1667948094860911	0.10968969163765274	0.02247534248596254	0.04097238817761745	0.067841408471692	0.06010128305378401	0.10812809650725437	0.07675856764613807	0.09071762079009475	0.030825798982437737	0.12770189418510752	0.09940322047347046	0.1207841733896967	0.13366332432848327	0.08540330792908077	0.0	0.06466057153295816	0.11715424079754937	0.08309240074275606	0.1268428408673413	0.08804527093185302	0.020591864447441963	0.12192106583703678	0.09650352144928305	0.12946051718819993	0.11188139020958736	0.1793003699248846	0.07152144848115695	0.12868932754552087	0.06249115298072268	0.14522652082647977	0.12509673912018604	0.11867200191871116	0.1131704942959827	0.1574723011665025
G3-42	0.03904031363761107	0.01902629052639351	0.07418602891636679	0.033866742170757864	0.10991317496932156	0.1253256489227635	0.28060796603180405	0.16589382850360126	0.2863401177238805	0.16179392540595644	0.06123159454663606	0.1569635635924993	0.07485183466320805	0.07540452026250123	0.08320616754430309	0.05413971275861556	0.005721337961851938	0.12512821871333224	0.12077222108504014	0.10699190437539408	0.0469333286925203	0.07938759066482803	0.08534171164404292	0.007310551951747502	0.005829735992159723	0.05415985309480306	0.01993639543234516	0.03520819515445517	0.0931927246481871	0.06891963568282024	0.12082069410406679	0.14084288154116323	0.07465878642530173	0.03495837744853051	0.06466057153295816	0.0	0.05674416849798349	0.027977121220611686	0.06629155166619237	0.03179133643588321	0.054299839655016696	0.061723636681290925	0.0357241113869194	0.06961516771432677	0.050903826672721364	0.12020222877164367	0.012206162002212535	0.0673844593248218	0.0032305804903584386	0.08703409252475137	0.06310696458510034	0.059150121548079485	0.056769297951463835	0.14967804281254335
G3-420	0.06311455896042413	0.07309472893959912	0.018261610978100327	0.08749258232841976	0.16411038830478916	0.12034982135224984	0.2867266799659592	0.21835807018586184	0.2924588316580356	0.1890812910793345	0.11543885687113216	0.20944096452591576	0.1273160763454686	0.10348697563080839	0.13759957148959334	0.009251990827373305	0.05676221728203105	0.1789292984860921	0.17427079978608997	0.052985888186657656	0.011824331410140325	0.13342719132623046	0.13948201283999853	0.05807710179530486	0.060837175605461744	0.023982018909384378	0.05297522047564143	0.04001738592930376	0.14506945391836795	0.013138386711572058	0.14873722893419278	0.17019655783558824	0.0435018492730184	0.0625379680515408	0.11715424079754937	0.05674416849798349	0.0	0.054947693137082906	0.010585053576285688	0.0698335368742793	0.1064052823211084	0.029247518899325347	0.0443883026101099	0.014201021857569733	0.008005354467702243	0.06498015011731531	0.049160199873830315	0.012112348906022911	0.0582526938144095	0.03281092071106464	0.009330577992671835	0.015548022446545445	0.019047276008823916	0.15619806866417338
