	G1-11	G1-12	G1-13	G1-130	G1-131	G1-132	G1-135	G1-136	G1-138	G1-139	G1-14	G1-140	G1-141	G1-142	G1-143	G1-144	G1-15	G1-175	G1-176	G1-177	G1-178	G1-180	G1-182	G1-187	G1-188	G1-189	G1-190	G1-192	G1-193	G2-1100	G2-1101	G2-1102	G2-1103	G2-1104	G2-1105	G2-1106	G2-1107	G2-1108	G2-1109	G2-1110	G2-1111	G2-1113	G2-194	G2-197	G2-198	G2-199	G2-21	G2-210	G2-211	G2-212	G2-213	G2-214	G2-215	G2-216	G2-217	G2-218	G2-219	G2-22	G2-220	G2-221	G2-222	G2-223	G2-224	G2-23	G2-24	G2-25	G2-26	G2-27	G2-28	G2-29	G2-313	G2-314	G2-315	G2-316	G2-317	G2-318	G2-319	G2-320	G2-321	G2-322	G2-323	G2-324	G2-325	G2-326	G2-327	G2-328	G2-329	G2-330	G2-413	G2-414	G2-415	G2-416	G3-417	G3-418	G3-419	G3-420	G3-421	G3-422	G3-423	G3-424	G3-425	G3-426	G3-427	G3-428	G3-429	G3-430
G1-11	0.0	0.06253787771008784	0.00786187216390553	0.18040436946252078	0.008716750158729442	0.005254013470010077	0.12346465143270384	0.03178200597170694	0.005254013470010077	0.06152420537488909	0.003462736688719365	0.1739839236183991	0.07764905124214108	0.18952439003274965	0.18952439003274965	0.18952439003274965	0.06960046680993363	0.4754427278467723	0.37568272755073634	0.4218839273245437	0.13626780749859674	0.34842611079760777	0.33890456446045253	0.1739839236183991	0.1927031988073369	0.17922426177993575	0.5299573134184127	0.14733463960074406	0.17187809589310904	0.3043225110132143	0.3043225110132143	0.3043225110132143	0.4216179199145115	0.312370894531004	0.2771661811377668	0.13575833479425248	0.26639863667621655	0.16196736734247402	0.09817735489824986	0.26639863667621655	0.10154734509939803	0.18147263648942497	0.14554049245416048	0.0352674376281047	0.3244721204354146	0.3043225110132143	0.24668427693381412	0.28089526662866854	0.4765006846493063	0.34620310869289567	0.13607292323710674	0.18952439003274965	0.18952439003274965	0.184340714332646	0.18952439003274965	0.14986486052532916	0.15101823413269533	0.28931960007099006	0.2546797447021436	0.44626400269320593	0.18534244873921513	0.15101823413269533	0.1888051854279345	0.29117215599644575	0.24668427693381412	0.32884536147089194	0.1424296139855922	0.2706012337548739	0.22846726630395217	0.3601193949959321	0.07737703255756684	0.2612853475346206	0.2612853475346206	0.3043225110132143	0.30957652448322437	0.26639863667621655	0.2697686268773647	0.3130392611719437	0.3130392611719437	0.2697686268773647	0.18269096371475615	0.19145455023792599	0.18142162094192463	0.14018831221740385	0.18142162094192463	0.1834331366068833	0.18142162094192463	0.21145969522781044	0.16662408242309895	0.11743429387212659	0.02678415828536061	0.03687717281557974	0.08328190809674592	0.11275319574255824	0.16478212813928744	0.23907585339230206	0.28327004370356557	0.17708235023393679	0.19662529349153984	0.1383313715789439	0.08432544775167292	0.07921215861007701	0.13238834459310428	0.059124900150550795	0.17537770770129035	0.11800720921256831
G1-12	0.06253787771008784	0.0	0.0650662749867218	0.2353202693567586	0.06455268343667	0.06779189118009793	0.17466515866742674	0.0923323044789549	0.06779189118009793	0.006435762539560977	0.0592804134840622	0.12593663653278	0.01662997800525161	0.13590654460427665	0.13590654460427665	0.13590654460427665	0.11919746449535266	0.4892903214223506	0.33989603626881887	0.455396405774275	0.18504439342204584	0.38917738155944637	0.31068224120058385	0.12593663653278	0.1458279343284398	0.13150507472651332	0.5187921527239114	0.092521493006243	0.13388680092263905	0.26432515232995174	0.26432515232995174	0.26432515232995174	0.4005724420840677	0.34776785553321227	0.23082632327578345	0.09004980521546195	0.22522456910043118	0.21378327806519853	0.14966853323696233	0.22522456910043118	0.14677854792505163	0.22857063897361615	0.10716583556098802	0.08969257361467589	0.2889068265915928	0.26432515232995174	0.29315010229960065	0.24376366133746782	0.45906538950345965	0.39318967841553787	0.18249423871873338	0.13590654460427665	0.13590654460427665	0.1355172241214156	0.13590654460427665	0.0952143678592002	0.09614649750803105	0.3374481558617749	0.21272085087814005	0.425551066324673	0.1378750313254421	0.09614649750803105	0.1346905701207608	0.33919031326849347	0.29315010229960065	0.36787701775829446	0.1891507696556192	0.32734715509140594	0.2835456853776266	0.33143135965513915	0.13351772782870241	0.21979936971321073	0.21979936971321073	0.26432515232995174	0.26990903442199604	0.22522456910043118	0.22244437281133567	0.26721227184087526	0.26721227184087526	0.22244437281133567	0.22841970730583644	0.14267706719634604	0.2403662511493969	0.18701304828025064	0.2403662511493969	0.24223292051733514	0.2403662511493969	0.2618784345599024	0.1283336333939742	0.17964222286786447	0.08764701158003094	0.09277261119937423	0.12835773406591078	0.17529107345264608	0.12154990914461318	0.2058729994695134	0.3222422844372815	0.12909632978890853	0.23996119821659642	0.187000755574377	0.04256383727118533	0.03716763609243781	0.09328599543742673	0.014713641408534475	0.2299284711243964	0.18054508692265617
G1-13	0.00786187216390553	0.0650662749867218	0.0	0.18713030169483055	0.016532632906084643	0.013088165553652513	0.11590249038378136	0.029163596052592774	0.013088165553652513	0.06404877377680462	0.011306339516337664	0.17620596763645585	0.08011737661002279	0.1916933231387715	0.1916933231387715	0.1916933231387715	0.07196021928332376	0.4762195091738905	0.37714294972767215	0.4228437102167002	0.1384084545315397	0.3499009865018747	0.3402560261389376	0.17620596763645585	0.19487488668649106	0.18143220892759043	0.5326428012362575	0.1495559817932417	0.17883314232449207	0.30619879916048703	0.30619879916048703	0.30619879916048703	0.4226464434461846	0.31373332458199854	0.27904446019680396	0.14271354204604633	0.2683243527611144	0.1641672172896798	0.10054465471559097	0.2683243527611144	0.10390579863501076	0.18342330155622505	0.1524454644632338	0.04273870532237537	0.3306220835467556	0.30619879916048703	0.24866174354911913	0.28710513841850155	0.48011956566542296	0.3511850562729316	0.13838489908799684	0.1916933231387715	0.1916933231387715	0.18652351959681618	0.1916933231387715	0.15207961105038353	0.15324120187562812	0.29123635206023146	0.2563935432948564	0.44728001116309124	0.18753963397478038	0.15324120187562812	0.19099303143388685	0.29307894148444297	0.24866174354911913	0.3301536695188412	0.1447365250089411	0.2770354186922822	0.2349463765801429	0.3652860205915684	0.07979893357564868	0.2632244860906847	0.2632244860906847	0.30619879916048703	0.31143864220906553	0.2683243527611144	0.2716854966805342	0.31489203966817203	0.31489203966817203	0.2716854966805342	0.18463763147557127	0.19363525073195723	0.18793156533519872	0.14250728114224673	0.18793156533519872	0.18991718180008807	0.18793156533519872	0.2134645545094965	0.1736068489347451	0.1147442021245113	0.03429899096924455	0.03939898913594933	0.08568830871587323	0.12002018408027171	0.16679350669176987	0.2447304744411509	0.28467121628595804	0.17930181350086874	0.1983852997026997	0.14046181489894316	0.09154478319013397	0.08645775280760318	0.1393608580754463	0.06667483040812588	0.18143245457413024	0.12524647747001869
G1-130	0.18040436946252078	0.2353202693567586	0.18713030169483055	0.0	0.1733920230874309	0.17619200096630191	0.293932754360348	0.15796670564223778	0.17619200096630191	0.23982785823097225	0.17763300073324417	0.34928306821023786	0.23980311285872077	0.3496292995892584	0.3496292995892584	0.3496292995892584	0.22921191159728532	0.5399325455358585	0.2490691503892355	0.49716849165984195	0.24754150387224583	0.22236466556778248	0.43138007773823395	0.34928306821023786	0.35913326233918413	0.34594717927024354	0.6008482329871535	0.25854817982132877	0.3391866362905696	0.4765758581709587	0.4765758581709587	0.4765758581709587	0.5074681469158886	0.3977915936002419	0.38919081832953667	0.2477293865883999	0.3849766079942497	0.28000860692040125	0.2158907412900672	0.3849766079942497	0.21322569241753742	0.28865131296153956	0.26349730497111684	0.14637870326403352	0.22323944570259044	0.4765758581709587	0.07830988918518082	0.11873026564813452	0.43583367829436576	0.2222620078685934	0.29715687057336343	0.3496292995892584	0.3496292995892584	0.3445405701020953	0.3496292995892584	0.2610998835063862	0.2717234537273263	0.18281906923963673	0.36090992920896603	0.5617540068417025	0.36078257671770847	0.2717234537273263	0.3586211362315853	0.18526750931801614	0.07830988918518082	0.4169631804502658	0.3042218401949864	0.16129562211763196	0.056786442063176054	0.23119343586410765	0.2042130854493664	0.3881214004264202	0.3881214004264202	0.4765758581709587	0.4738856835494138	0.3849766079942497	0.38288625211687993	0.4720975139157772	0.4720975139157772	0.38288625211687993	0.2845461122732994	0.352756947764917	0.33911852095297124	0.3024369542164347	0.33911852095297124	0.34070922024819517	0.33911852095297124	0.36853911967523356	0.3425655660878465	0.2937829896994322	0.15362021117716018	0.1539761252109574	0.20406567992799712	0.2901375657631301	0.2730176297061458	0.34318945143015694	0.37146896014292174	0.34427753027229313	0.2951609909938174	0.24934791979275833	0.2019676413075322	0.20604821150187658	0.2502775607354055	0.2288894586290751	0.29358022365897335	0.28648917862779644
G1-131	0.008716750158729442	0.06455268343667	0.016532632906084643	0.1733920230874309	0.0	0.003481026046456906	0.12567937597744705	0.04022172032483777	0.003481026046456906	0.07021826730718234	0.005272269952607805	0.18267798555069234	0.0696021475936481	0.18245352492262748	0.18245352492262748	0.18245352492262748	0.06825342132814259	0.4729232331852322	0.37092915393238257	0.4221463026854438	0.1352751033870568	0.34362637706811616	0.3388964517911286	0.18267798555069234	0.19192232228608333	0.1783723789736554	0.5304839420869858	0.14009511141468628	0.17098517753777384	0.3130392611719437	0.3130392611719437	0.3130392611719437	0.4273599107813509	0.3079424252057846	0.27104489721004	0.12836400314776375	0.2660155521701762	0.16104755109632776	0.09692968546599369	0.2660155521701762	0.09386030897690127	0.18072911981158163	0.14453624914704333	0.027013319823397376	0.3185319335590968	0.3130392611719437	0.2402390122409348	0.27474270641179727	0.47339980043085295	0.34146910692119187	0.1285357293355908	0.18245352492262748	0.18245352492262748	0.17722462507117456	0.18245352492262748	0.14264681509974367	0.1532723345396174	0.28307030302105096	0.25696461484688443	0.45218891965364916	0.19405919889794457	0.1532723345396174	0.19125874086826802	0.28495553951046526	0.2402390122409348	0.32879931208180857	0.1349084842152455	0.26418733862201216	0.2218661393984211	0.3552524067551081	0.08586031190031093	0.2697686268773647	0.2697686268773647	0.3130392611719437	0.309410896721074	0.2660155521701762	0.2635208686762438	0.3069985405906374	0.3069985405906374	0.2635208686762438	0.17635266679543546	0.18434468665586498	0.18062775846236662	0.13262764409640365	0.18062775846236662	0.18265122073846157	0.18062775846236662	0.21081532559231336	0.1753408325818284	0.1261050546143057	0.0352674376281047	0.03531843196004253	0.08531271003404177	0.12146994590128768	0.1639520880684761	0.23861565555530972	0.28304976119009173	0.1762169195214555	0.19600709625346455	0.13735103558550185	0.08300658548345871	0.08769543795282109	0.131316504911332	0.05763644603308141	0.1746154672680451	0.11682975755114935
G1-132	0.005254013470010077	0.06779189118009793	0.013088165553652513	0.17619200096630191	0.003481026046456906	0.0	0.12869094482245083	0.03686903635423773	0.0	0.06676454353642573	0.008716750158729442	0.17922426177993575	0.07281553891998381	0.18527715219680413	0.18527715219680413	0.18527715219680413	0.06498147954936212	0.47392699672351785	0.3728261554675226	0.4200101124287142	0.1320784172578851	0.34554151670341027	0.33626306221131647	0.17922426177993575	0.18845040449201678	0.17490046117958885	0.5286477437984085	0.14298568871349365	0.16750415149131695	0.30957652448322437	0.30957652448322437	0.30957652448322437	0.42507889984506925	0.30970845008334763	0.27348895321272043	0.131316504911332	0.26262824167103355	0.15766024059718511	0.09354237496685104	0.26262824167103355	0.09692968546599369	0.1776561311312527	0.14114893864790068	0.030309127820685542	0.32090414164820624	0.30957652448322437	0.24281255861161008	0.2771993780569484	0.47463601710936143	0.34335787734559675	0.1315455769199567	0.18527715219680413	0.18527715219680413	0.1800663118253742	0.18527715219680413	0.1455288148257948	0.1561185698154806	0.2855659539697131	0.2591573243900855	0.44983524116534285	0.19059646220922521	0.1561185698154806	0.19405919889794457	0.2874381053260202	0.24281255861161008	0.32628892378091395	0.13791199902178425	0.26674872166158176	0.22450192039417521	0.35719465928908767	0.08249032169916275	0.26639863667621655	0.26639863667621655	0.30957652448322437	0.30592987067461713	0.26262824167103355	0.2660155521701762	0.309410896721074	0.309410896721074	0.2660155521701762	0.17888229425205604	0.18718400404654686	0.17734773761613143	0.13564698985928075	0.17734773761613143	0.17937929999387825	0.17734773761613143	0.2075353047460782	0.17187809589310904	0.12266058726187357	0.03189744742695652	0.03193975944096813	0.08839519723834183	0.11800720921256831	0.16084654355456135	0.23563800951603853	0.2805321029626662	0.1727358934749986	0.19318377708940485	0.13416202369317687	0.07961927498431605	0.08432544775167292	0.12792919441218933	0.0541554199866245	0.17158107233595546	0.11334873150469245
G1-135	0.12346465143270384	0.17466515866742674	0.11590249038378136	0.293932754360348	0.12567937597744705	0.12869094482245083	0.0	0.14168595302533202	0.12869094482245083	0.179650400652513	0.12043501856982503	0.07601932045411267	0.18891407031291835	0.08665651220002507	0.08665651220002507	0.08665651220002507	0.18095310451586855	0.5370822851369074	0.4047399892333693	0.4471080940737645	0.16171430096439215	0.37530699528257466	0.3671489858275035	0.07601932045411267	0.09704660019431036	0.08190576933333964	0.5563297318972796	0.16825523336063558	0.07897725315411508	0.22218793550078844	0.22218793550078844	0.22218793550078844	0.4486880149624781	0.3343874051188528	0.30462031524082317	0.16114391545813572	0.29961998209367463	0.19021849707277866	0.12339251539676464	0.29961998209367463	0.12028679460364775	0.20784106301569802	0.17783924638819373	0.149055430105159	0.243125260050211	0.22218793550078844	0.27286993010498395	0.3133222904011338	0.5051710651653906	0.3761450535840769	0.026420832667201456	0.08665651220002507	0.08665651220002507	0.08081490958381811	0.08665651220002507	0.17091423257775085	0.1722391187311494	0.19831959684239067	0.2778214655067224	0.4040385843536477	0.08849513631621587	0.1722391187311494	0.0849346822418964	0.20067616633143154	0.27286993010498395	0.35537871288992473	0.03294367682001868	0.18253408721707048	0.2583507005370961	0.39222249817275967	0.10160223967281745	0.2942633352866338	0.2942633352866338	0.22218793550078844	0.22809164536892992	0.29961998209367463	0.29713861520723994	0.22507647303606906	0.22507647303606906	0.29713861520723994	0.20336788617990942	0.08792328844124805	0.09553554406479838	0.030092597783715442	0.09553554406479838	0.0980078819888914	0.09553554406479838	0.12384348615956146	0.07309073818202844	0.006792154098546003	0.1468213479419838	0.1519198271159689	0.10108425522279314	0.012734634640486285	0.2702827518600044	0.2710014910751821	0.36868242964867787	0.07921361746671456	0.29253029310239315	0.1638065869241966	0.2040671401628732	0.19898010978034242	0.16409756682117996	0.1822776096769242	0.20538597544729836	0.01862114961257292
G1-136	0.03178200597170694	0.0923323044789549	0.029163596052592774	0.15796670564223778	0.04022172032483777	0.03686903635423773	0.14168595302533202	0.0	0.03686903635423773	0.09127567611234605	0.03513468994230698	0.20017020702164143	0.10674218368785332	0.2150887094456056	0.2150887094456056	0.2150887094456056	0.09745602689126709	0.46191556273242756	0.35479133435964777	0.40689507617932763	0.11529468406748032	0.32832704771682275	0.32078688143159306	0.20017020702164143	0.21829604552185508	0.2052444164792091	0.5229298922997062	0.12523470301275744	0.19819747119473557	0.32643253712257436	0.32643253712257436	0.32643253712257436	0.40556568464515425	0.2949128058853699	0.2544627630694841	0.11354994599345355	0.24351935833322313	0.13962438480915662	0.07616195927057166	0.24351935833322313	0.0795146432411717	0.16109274260058754	0.123281868410641	0.013575109269782597	0.3459417515377908	0.32643253712257436	0.2239062396136269	0.25794154236590877	0.45984439362948915	0.326452440999299	0.16332322845070096	0.2150887094456056	0.2150887094456056	0.21006853914862628	0.2150887094456056	0.12775202822698478	0.12878764939006573	0.31190644878550894	0.2346848648945884	0.4583492399759586	0.21123389989828154	0.12878764939006573	0.21458658386888158	0.31364326397357195	0.2239062396136269	0.3116058834376056	0.16961612606343734	0.2937829896994322	0.2057827805275501	0.3393207021386663	0.05546845479950171	0.23843232795069233	0.23843232795069233	0.32643253712257436	0.3315195675051052	0.24351935833322313	0.24687204230382317	0.3348722514757052	0.3348722514757052	0.24687204230382317	0.16231681079612775	0.2171517465506607	0.20598773560035652	0.16751485241305375	0.20598773560035652	0.20788046849502603	0.20598773560035652	0.23512434608521368	0.19311044081220477	0.13581628405719437	0.005135394916651772	0.01523135224813981	0.06134300647085343	0.14095167897384614	0.14426700040504664	0.21906221671477508	0.26615543766620486	0.20323632389302485	0.1778220930256726	0.11739813034418803	0.062381187137541184	0.0572941567550104	0.11019726202285353	0.08902779819259636	0.16846448784279167	0.14603870935637694
G1-138	0.005254013470010077	0.06779189118009793	0.013088165553652513	0.17619200096630191	0.003481026046456906	0.0	0.12869094482245083	0.03686903635423773	0.0	0.06676454353642573	0.008716750158729442	0.17922426177993575	0.07281553891998381	0.18527715219680413	0.18527715219680413	0.18527715219680413	0.06498147954936212	0.47392699672351785	0.3728261554675226	0.4200101124287142	0.1320784172578851	0.34554151670341027	0.33626306221131647	0.17922426177993575	0.18845040449201678	0.17490046117958885	0.5286477437984085	0.14298568871349365	0.16750415149131695	0.30957652448322437	0.30957652448322437	0.30957652448322437	0.42507889984506925	0.30970845008334763	0.27348895321272043	0.131316504911332	0.26262824167103355	0.15766024059718511	0.09354237496685104	0.26262824167103355	0.09692968546599369	0.1776561311312527	0.14114893864790068	0.030309127820685542	0.32090414164820624	0.30957652448322437	0.24281255861161008	0.2771993780569484	0.47463601710936143	0.34335787734559675	0.1315455769199567	0.18527715219680413	0.18527715219680413	0.1800663118253742	0.18527715219680413	0.1455288148257948	0.1561185698154806	0.2855659539697131	0.2591573243900855	0.44983524116534285	0.19059646220922521	0.1561185698154806	0.19405919889794457	0.2874381053260202	0.24281255861161008	0.32628892378091395	0.13791199902178425	0.26674872166158176	0.22450192039417521	0.35719465928908767	0.08249032169916275	0.26639863667621655	0.26639863667621655	0.30957652448322437	0.30592987067461713	0.26262824167103355	0.2660155521701762	0.309410896721074	0.309410896721074	0.2660155521701762	0.17888229425205604	0.18718400404654686	0.17734773761613143	0.13564698985928075	0.17734773761613143	0.17937929999387825	0.17734773761613143	0.2075353047460782	0.17187809589310904	0.12266058726187357	0.03189744742695652	0.03193975944096813	0.08839519723834183	0.11800720921256831	0.16084654355456135	0.23563800951603853	0.2805321029626662	0.1727358934749986	0.19318377708940485	0.13416202369317687	0.07961927498431605	0.08432544775167292	0.12792919441218933	0.0541554199866245	0.17158107233595546	0.11334873150469245
G1-139	0.06152420537488909	0.006435762539560977	0.06404877377680462	0.23982785823097225	0.07021826730718234	0.06676454353642573	0.179650400652513	0.09127567611234605	0.06676454353642573	0.0	0.06497792914564568	0.11950087399321904	0.022906516204812814	0.14142177840180545	0.14142177840180545	0.14142177840180545	0.11810019650568739	0.49100851274857427	0.3435497345062651	0.45413903574883496	0.1838140562597057	0.3922957732126646	0.3093655971505975	0.11950087399321904	0.1393921717888788	0.12506931218695236	0.515482235615237	0.09815079685025972	0.1326193166269999	0.2626899184201988	0.2626899184201988	0.2626899184201988	0.39927355934008035	0.35068088450407964	0.2355847156068139	0.09570971245446748	0.22374075975417482	0.21240659016795704	0.14845509173421145	0.22374075975417482	0.1518336131486555	0.22728723312964716	0.10600550966247516	0.09505860074790952	0.2934581425917496	0.2626899184201988	0.29733796270498974	0.24846746483500226	0.46136395783012646	0.39622199122387974	0.18743249490224054	0.14142177840180545	0.14142177840180545	0.14101987791020218	0.14142177840180545	0.10082696716350124	0.09668218194880897	0.34148187776695255	0.21700098102595647	0.4241630770935874	0.1365895330974268	0.09668218194880897	0.14025949613470648	0.3432029142318574	0.29733796270498974	0.3665650770861602	0.19407444808853647	0.3314211098839377	0.28776899767959546	0.3351104403072179	0.13234838052477482	0.21833014011433563	0.21833014011433563	0.2626899184201988	0.26825835661393205	0.22374075975417482	0.2273067100971877	0.2719283196512118	0.2719283196512118	0.2273067100971877	0.23255600472596585	0.14817940468235052	0.2389743506340127	0.19196264325125403	0.2389743506340127	0.2408398630668639	0.2389743506340127	0.2604266533249261	0.12708142377271506	0.17833068596796464	0.08659681203604945	0.09170944868062797	0.13352193674181778	0.1739839236183991	0.12044979375380506	0.20462524778656785	0.3210129714229301	0.12783511168923364	0.23875765524132628	0.185768674532577	0.04157619782271253	0.03619442113314381	0.0921627714921276	0.013773957633411903	0.2286637962786934	0.17922426177993575
G1-14	0.003462736688719365	0.0592804134840622	0.011306339516337664	0.17763300073324417	0.005272269952607805	0.008716750158729442	0.12043501856982503	0.03513468994230698	0.008716750158729442	0.06497792914564568	0.0	0.17743764738915568	0.0744691335489764	0.18673017625166763	0.18673017625166763	0.18673017625166763	0.07285624521113071	0.47444474558578104	0.37380299300345754	0.42401321603831676	0.13944906347147498	0.3465278407965345	0.34152747382724363	0.17743764738915568	0.1961569225780935	0.18267798555069234	0.5317884101519144	0.14447337352255082	0.1753408325818284	0.3077852477019336	0.3077852477019336	0.3077852477019336	0.42389893085079305	0.310618483738007	0.2747468448433662	0.1328360006135316	0.2697686268773647	0.16533735754362222	0.10154734509939803	0.2697686268773647	0.09850933037633978	0.18453136340140117	0.14891048265530868	0.03200530499116149	0.32212481716945496	0.3077852477019336	0.24413702611842247	0.2784636963556143	0.4752732380244162	0.3443306942342304	0.1330944289874916	0.18673017625166763	0.18673017625166763	0.18152862919565918	0.18673017625166763	0.147012085041029	0.1481547964930641	0.2868501499205653	0.2524737826398377	0.4486176811815123	0.1888051854279345	0.1481547964930641	0.18598647091566023	0.28871558572448935	0.24413702611842247	0.3313462239505623	0.1394575497048011	0.26806674160734373	0.2258584167541122	0.35819480303743895	0.08074702275871502	0.2646553377357688	0.2646553377357688	0.3077852477019336	0.3130392611719437	0.2697686268773647	0.26729943314669335	0.3106522313621948	0.3106522313621948	0.26729943314669335	0.1801847844762155	0.18864504165609416	0.18468539868904646	0.13720066530615682	0.18468539868904646	0.18668889418118692	0.18468539868904646	0.21472347297493224	0.17008681911181833	0.12087876122455872	0.03015414848650879	0.04023861303630619	0.08018213089100762	0.1162159324312776	0.16787310781643455	0.24204010697835182	0.28577812096280486	0.18054508692265617	0.1994365696414215	0.14150502713399238	0.08769543795282109	0.08258214881122518	0.13575833479425248	0.06258763683927017	0.17839819603283424	0.12146994590128768
G1-140	0.1739839236183991	0.12593663653278	0.17620596763645585	0.34928306821023786	0.18267798555069234	0.17922426177993575	0.07601932045411267	0.20017020702164143	0.17922426177993575	0.11950087399321904	0.17743764738915568	0.0	0.14142177840180545	0.025986287932681058	0.025986287932681058	0.025986287932681058	0.2243737024570937	0.553478080941555	0.3730892521707432	0.47726725456452374	0.20606167462410338	0.4215537656652885	0.3334611253205784	0.0	0.022590934173745653	0.006324183669536578	0.5375744779686166	0.11840770385162154	0.01563171433527259	0.1626225855286959	0.1626225855286959	0.1626225855286959	0.4231368969482916	0.3745702565118793	0.26306464274162705	0.11589430563573624	0.25089958585504113	0.2374918844117259	0.1703029143995957	0.25089958585504113	0.1738524696025218	0.2506244518786448	0.12673868272422992	0.20451381072717514	0.19816360882889683	0.1626225855286959	0.32672281069552034	0.27679128491159566	0.4880131389985298	0.4250006069139585	0.08477737570487867	0.025986287932681058	0.025986287932681058	0.02588793405358711	0.025986287932681058	0.12122606029856961	0.11703285593327573	0.2575505602890039	0.24013670902673098	0.3742949645391302	0.019407922846792405	0.11703285593327573	0.02357597131939409	0.259737534877805	0.32672281069552034	0.39064136891451945	0.09165791278563715	0.24670586354355806	0.31651606980170854	0.3640752034589944	0.1533248132389332	0.24519905016082558	0.24519905016082558	0.1626225855286959	0.16894676919823248	0.25089958585504113	0.25465660973904664	0.17311481767083414	0.17311481767083414	0.25465660973904664	0.2560635617682486	0.03293208670606001	0.14872759238764383	0.0889743766666629	0.14872759238764383	0.15106110657484573	0.14872759238764383	0.17224115190539868	0.009346900527834951	0.07483432742425027	0.19605202201531507	0.20116317678985293	0.1546137854887242	0.06931990202532484	0.22644016103555542	0.22724441147723967	0.4028344342881027	0.009465356012119909	0.3304913108512123	0.20805337878968777	0.15707124251290355	0.1516894658233348	0.11215837683594186	0.1326193166269999	0.2516482299492199	0.07522424041903215
G1-141	0.07764905124214108	0.01662997800525161	0.08011737661002279	0.23980311285872077	0.0696021475936481	0.07281553891998381	0.18891407031291835	0.10674218368785332	0.07281553891998381	0.022906516204812814	0.0744691335489764	0.14142177840180545	0.0	0.12027839664008252	0.12027839664008252	0.12027839664008252	0.1238191424326584	0.48707885423947744	0.34385652221225727	0.4578795580385058	0.18940280744638605	0.39272169070823215	0.31416954049756296	0.14142177840180545	0.15093754995041567	0.13665394013463497	0.5208971891944105	0.08219162203730747	0.1390150759372983	0.27394243453697203	0.27394243453697203	0.27394243453697203	0.4091468292639075	0.35094657842903	0.22125005550330784	0.09516808676099348	0.22520298314438303	0.21376252764164416	0.15437566836244418	0.22520298314438303	0.15150897600355548	0.23266088102539786	0.11222050540550267	0.09454318865604462	0.2936286870900984	0.27394243453697203	0.297508996920333	0.24847225294141265	0.4618868814032001	0.39665014538093507	0.1680854123044401	0.12027839664008252	0.12027839664008252	0.12515393673182965	0.12027839664008252	0.07969991196735686	0.11148935010876908	0.34181219128481044	0.21692926937533397	0.425570172998429	0.15330403000932175	0.11148935010876908	0.15020251968889908	0.3435383708369408	0.297508996920333	0.3709585058116424	0.1938891900065793	0.33171467114812114	0.28790673930241983	0.33538875281086894	0.14772496539029326	0.2293838459107666	0.2293838459107666	0.27394243453697203	0.26988809844117984	0.22520298314438303	0.22242263165751047	0.26719118090824945	0.26719118090824945	0.22242263165751047	0.23251109431861103	0.14781414558296974	0.24468125623673728	0.19176950481075772	0.24468125623673728	0.2465328085941851	0.24468125623673728	0.2618595705295887	0.1437569426857154	0.19376732714694087	0.10216621789334406	0.09759910328046896	0.14268836677452074	0.18952439003274965	0.1261535400885395	0.21007181616689938	0.32541854024808	0.13426605526572694	0.24369580948133632	0.19134407180446522	0.04779007857847369	0.05288731575411417	0.09837752767840136	0.020167600592527143	0.23394610448250855	0.18527715219680413
G1-142	0.18952439003274965	0.13590654460427665	0.1916933231387715	0.3496292995892584	0.18245352492262748	0.18527715219680413	0.08665651220002507	0.2150887094456056	0.18527715219680413	0.14142177840180545	0.18673017625166763	0.025986287932681058	0.12027839664008252	0.0	0.0	0.0	0.2300943410587357	0.5498516781956578	0.37350898397825927	0.48112536915254994	0.21191707739903104	0.4220877635501651	0.33846077722220214	0.025986287932681058	0.03606175299157151	0.019845610343911184	0.5431069734049844	0.10184003129165156	0.022887752152123922	0.17571176627987067	0.17571176627987067	0.17571176627987067	0.4332659931892112	0.3749096048932592	0.24829959340637217	0.11539977399648312	0.25251829976970486	0.23898463280574098	0.17652359710665166	0.25251829976970486	0.1735901589423433	0.25624416831023306	0.13328520934949026	0.20436937538658226	0.19795894831370628	0.17571176627987067	0.3270077216536496	0.2769030618335688	0.4886222102477957	0.4255331088716308	0.06131775427428703	0.0	0.0	0.006295109088297814	0.0	0.09927013874711077	0.1325333357798596	0.25759170631705847	0.24013701968483	0.3757240074600461	0.03911075889483012	0.1325333357798596	0.035114261659249066	0.2597871697658284	0.3270077216536496	0.3951979193199939	0.09104578601443723	0.24670420291043205	0.3167631283424837	0.3644625297843427	0.1693619004625701	0.2567672794164425	0.2567672794164425	0.17571176627987067	0.17048221934648028	0.25251829976970486	0.24969128480597647	0.16699917758875477	0.16699917758875477	0.24969128480597647	0.25609234544905907	0.03203399306938379	0.15510966383563712	0.08834983740087513	0.15510966383563712	0.1574257244814687	0.15510966383563712	0.17359883423471215	0.028990489461559733	0.09280601933374973	0.21106777937176685	0.20705462688718906	0.16420511948418623	0.08743035142882256	0.23214559103750385	0.23294392885136794	0.4072410064722915	0.016766713857787472	0.33543072627952486	0.2138941246279576	0.16328712197857606	0.16776609651060043	0.11870463769602123	0.1390150759372983	0.2571681272833889	0.08204212911716542
G1-143	0.18952439003274965	0.13590654460427665	0.1916933231387715	0.3496292995892584	0.18245352492262748	0.18527715219680413	0.08665651220002507	0.2150887094456056	0.18527715219680413	0.14142177840180545	0.18673017625166763	0.025986287932681058	0.12027839664008252	0.0	0.0	0.0	0.2300943410587357	0.5498516781956578	0.37350898397825927	0.48112536915254994	0.21191707739903104	0.4220877635501651	0.33846077722220214	0.025986287932681058	0.03606175299157151	0.019845610343911184	0.5431069734049844	0.10184003129165156	0.022887752152123922	0.17571176627987067	0.17571176627987067	0.17571176627987067	0.4332659931892112	0.3749096048932592	0.24829959340637217	0.11539977399648312	0.25251829976970486	0.23898463280574098	0.17652359710665166	0.25251829976970486	0.1735901589423433	0.25624416831023306	0.13328520934949026	0.20436937538658226	0.19795894831370628	0.17571176627987067	0.3270077216536496	0.2769030618335688	0.4886222102477957	0.4255331088716308	0.06131775427428703	0.0	0.0	0.006295109088297814	0.0	0.09927013874711077	0.1325333357798596	0.25759170631705847	0.24013701968483	0.3757240074600461	0.03911075889483012	0.1325333357798596	0.035114261659249066	0.2597871697658284	0.3270077216536496	0.3951979193199939	0.09104578601443723	0.24670420291043205	0.3167631283424837	0.3644625297843427	0.1693619004625701	0.2567672794164425	0.2567672794164425	0.17571176627987067	0.17048221934648028	0.25251829976970486	0.24969128480597647	0.16699917758875477	0.16699917758875477	0.24969128480597647	0.25609234544905907	0.03203399306938379	0.15510966383563712	0.08834983740087513	0.15510966383563712	0.1574257244814687	0.15510966383563712	0.17359883423471215	0.028990489461559733	0.09280601933374973	0.21106777937176685	0.20705462688718906	0.16420511948418623	0.08743035142882256	0.23214559103750385	0.23294392885136794	0.4072410064722915	0.016766713857787472	0.33543072627952486	0.2138941246279576	0.16328712197857606	0.16776609651060043	0.11870463769602123	0.1390150759372983	0.2571681272833889	0.08204212911716542
G1-144	0.18952439003274965	0.13590654460427665	0.1916933231387715	0.3496292995892584	0.18245352492262748	0.18527715219680413	0.08665651220002507	0.2150887094456056	0.18527715219680413	0.14142177840180545	0.18673017625166763	0.025986287932681058	0.12027839664008252	0.0	0.0	0.0	0.2300943410587357	0.5498516781956578	0.37350898397825927	0.48112536915254994	0.21191707739903104	0.4220877635501651	0.33846077722220214	0.025986287932681058	0.03606175299157151	0.019845610343911184	0.5431069734049844	0.10184003129165156	0.022887752152123922	0.17571176627987067	0.17571176627987067	0.17571176627987067	0.4332659931892112	0.3749096048932592	0.24829959340637217	0.11539977399648312	0.25251829976970486	0.23898463280574098	0.17652359710665166	0.25251829976970486	0.1735901589423433	0.25624416831023306	0.13328520934949026	0.20436937538658226	0.19795894831370628	0.17571176627987067	0.3270077216536496	0.2769030618335688	0.4886222102477957	0.4255331088716308	0.06131775427428703	0.0	0.0	0.006295109088297814	0.0	0.09927013874711077	0.1325333357798596	0.25759170631705847	0.24013701968483	0.3757240074600461	0.03911075889483012	0.1325333357798596	0.035114261659249066	0.2597871697658284	0.3270077216536496	0.3951979193199939	0.09104578601443723	0.24670420291043205	0.3167631283424837	0.3644625297843427	0.1693619004625701	0.2567672794164425	0.2567672794164425	0.17571176627987067	0.17048221934648028	0.25251829976970486	0.24969128480597647	0.16699917758875477	0.16699917758875477	0.24969128480597647	0.25609234544905907	0.03203399306938379	0.15510966383563712	0.08834983740087513	0.15510966383563712	0.1574257244814687	0.15510966383563712	0.17359883423471215	0.028990489461559733	0.09280601933374973	0.21106777937176685	0.20705462688718906	0.16420511948418623	0.08743035142882256	0.23214559103750385	0.23294392885136794	0.4072410064722915	0.016766713857787472	0.33543072627952486	0.2138941246279576	0.16328712197857606	0.16776609651060043	0.11870463769602123	0.1390150759372983	0.2571681272833889	0.08204212911716542
G1-15	0.06960046680993363	0.11919746449535266	0.07196021928332376	0.22921191159728532	0.06825342132814259	0.06498147954936212	0.18095310451586855	0.09745602689126709	0.06498147954936212	0.11810019650568739	0.07285624521113071	0.2243737024570937	0.1238191424326584	0.2300943410587357	0.2300943410587357	0.2300943410587357	0.0	0.4902874397824107	0.4031607159655985	0.3814123350795373	0.07358089826053425	0.3762172442254624	0.3644704608650264	0.2243737024570937	0.23331450163820477	0.22051362643697806	0.544743083441815	0.18893730368572298	0.2224246655724745	0.34764915467540325	0.34764915467540325	0.34764915467540325	0.4463634418732609	0.33817343565110225	0.31234792567764713	0.18696349928624903	0.30245191714588526	0.20315298538855373	0.1424979714936714	0.30245191714588526	0.14570234149838	0.21815064815075194	0.19622032653144872	0.09186925657181466	0.3666108422802602	0.34764915467540325	0.28370643147679764	0.3243061543117197	0.4997233949806814	0.38029687851087246	0.17931849258337015	0.2300943410587357	0.2300943410587357	0.2295166881676365	0.2300943410587357	0.19134407180446522	0.20136532678236285	0.32515917230277797	0.2942590995514219	0.47082737980546896	0.23523011483449824	0.20136532678236285	0.2385019027822238	0.3268298106475277	0.28370643147679764	0.35363716863201156	0.1855697768928262	0.31570821218302414	0.27469369061097254	0.395169215792444	0.136273472575021	0.30582698182704227	0.30582698182704227	0.34764915467540325	0.34439454116664103	0.30245191714588526	0.3056562871505939	0.34768265224068545	0.34768265224068545	0.3056562871505939	0.22319739509545802	0.2365908847522142	0.12669066509639187	0.18354856683128928	0.12669066509639187	0.12884202748915755	0.12669066509639187	0.14769516264697666	0.22626588420643737	0.17970549049071508	0.09306860508764626	0.08869194644695197	0.13739056529707483	0.1756147128715747	0.20258481350144353	0.27583540661387834	0.30981890915976684	0.21858204060467165	0.13769632127079526	0.07116865156087061	0.13829270838023688	0.14244216540658441	0.18377448739392407	0.11588410964659819	0.21961173003016463	0.17152203547523845
G1-175	0.4754427278467723	0.4892903214223506	0.4762195091738905	0.5399325455358585	0.4729232331852322	0.47392699672351785	0.5370822851369074	0.46191556273242756	0.47392699672351785	0.49100851274857427	0.47444474558578104	0.553478080941555	0.48707885423947744	0.5498516781956578	0.5498516781956578	0.5498516781956578	0.4902874397824107	0.0	0.5182206666720555	0.5428837753172379	0.5012454037235143	0.48996955622834176	0.45865215195276093	0.553478080941555	0.5487862444071632	0.5521744950537723	0.34514929086748125	0.49779288177261605	0.5528192041310723	0.6159669394249799	0.6159669394249799	0.6159669394249799	0.5009569692675114	0.39608417231965737	0.5571203944121342	0.5014311093009701	0.563876200032083	0.5170277798978424	0.4806047881367815	0.563876200032083	0.4796034379444245	0.4604780054746857	0.49862955240346857	0.4577585002926855	0.6348639918262827	0.6159669394249799	0.5626338724921862	0.5843367276597863	0.5484130037647682	0.5018335457739913	0.5329399840329158	0.5498516781956578	0.5498516781956578	0.5490471353217489	0.5498516781956578	0.49925134674330146	0.49840428020883654	0.6132372065982401	0.41595937996553434	0.6281276255074973	0.5494532721908988	0.49840428020883654	0.5485794209175009	0.6137991755634417	0.5626338724921862	0.38012538098263093	0.530889384576804	0.6172263400394218	0.5671449368320003	0.6117921952577505	0.48670104661650665	0.5651571662330295	0.5651571662330295	0.6159669394249799	0.6148356493761568	0.563876200032083	0.5630278258909123	0.6140864046085148	0.6140864046085148	0.5630278258909123	0.5090699231505735	0.5479085386959489	0.547738860560962	0.5302067718290311	0.547738860560962	0.5483715097925436	0.547738860560962	0.5608057284193607	0.5541190447699649	0.5386167885922071	0.46035048432574033	0.45879529351715814	0.4849850122472089	0.5372748042281001	0.4993084121355624	0.4235190449058495	0.4550005618944847	0.5515241809245377	0.40067826421727165	0.5019381956800015	0.4749871127162604	0.47651319141449183	0.5023890191769311	0.49025745737286	0.420563234369966	0.5359377395871574
G1-176	0.37568272755073634	0.33989603626881887	0.37714294972767215	0.2490691503892355	0.37092915393238257	0.3728261554675226	0.4047399892333693	0.35479133435964777	0.3728261554675226	0.3435497345062651	0.37380299300345754	0.3730892521707432	0.34385652221225727	0.37350898397825927	0.37350898397825927	0.37350898397825927	0.4031607159655985	0.5182206666720555	0.0	0.4422101320913113	0.352451036520884	0.09807818891625661	0.28324884634523234	0.3730892521707432	0.3616540650481309	0.3699295468832885	0.6134721732560489	0.283959643172692	0.3714938976267376	0.4786294260788095	0.4786294260788095	0.4786294260788095	0.48901974255197683	0.37976907845772584	0.39158305501740714	0.2821430318680141	0.3874019029657107	0.3684854610195989	0.30780550844569343	0.3874019029657107	0.30557941304967934	0.36889690509694356	0.2751480548154076	0.3468894503292482	0.2640285178030213	0.4786294260788095	0.19393559628207657	0.1621853013917744	0.43614903047137643	0.3391071977928681	0.4042440122323543	0.37350898397825927	0.37350898397825927	0.3725652537929335	0.37350898397825927	0.2864684329582177	0.27458309762358046	0.2919193051446907	0.3631131160803041	0.5436453819438828	0.3632904403825455	0.27458309762358046	0.3611459551830808	0.2939087627990801	0.19393559628207657	0.34868621636385194	0.39146900293987014	0.30592541105696214	0.20987985728596137	0.2667158443800028	0.3212356816927865	0.3905220047454991	0.3905220047454991	0.4786294260788095	0.4759603727769892	0.3874019029657107	0.38532802867670735	0.4741863021186276	0.4741863021186276	0.38532802867670735	0.36877946079846485	0.3594954145468297	0.427042435307419	0.389991904540566	0.427042435307419	0.42834574319448465	0.427042435307419	0.4477962518752156	0.374637971587401	0.40799262065412717	0.35182467995909134	0.3488668512625418	0.3174763394011171	0.40514883604984714	0.367410492269641	0.36800249822451814	0.5002677116337926	0.368348277592818	0.44503741871518365	0.3539096424688484	0.3168076351570566	0.32007179052748175	0.28452166494088227	0.34195459069625045	0.3969386898031688	0.4023047688493406
