	G1-11	G1-12	G1-13	G1-130	G1-131	G1-132	G1-135	G1-136	G1-138	G1-139	G1-14	G1-140	G1-141	G1-142	G1-143	G1-144	G1-15	G1-175	G1-176	G1-177	G1-178	G1-180	G1-182	G1-187	G1-188	G1-189	G1-190	G1-192	G1-193	G2-1100	G2-1101	G2-1102	G2-1103	G2-1104	G2-1105	G2-1106	G2-1107	G2-1108	G2-1109	G2-1110	G2-1111	G2-1113	G2-194	G2-197	G2-198	G2-199	G2-21	G2-210	G2-211	G2-212	G2-213	G2-214	G2-215	G2-216	G2-217	G2-218	G2-219	G2-22	G2-220	G2-221	G2-222	G2-223	G2-224	G2-23	G2-24	G2-25	G2-26	G2-27	G2-28	G2-29	G2-313	G2-314	G2-315	G2-316	G2-317	G2-318	G2-319	G2-320	G2-321	G2-322	G2-323	G2-324	G2-325	G2-326	G2-327	G2-328	G2-329	G2-330	G2-413	G2-414	G2-415	G2-416	G3-417	G3-418	G3-419	G3-420	G3-421	G3-422	G3-423	G3-424	G3-425	G3-426	G3-427	G3-428	G3-429	G3-430
G1-11	0.0	0.09427346913062754	0.12039471616503901	0.14261885149736364	0.1592177439538492	0.12700897051958923	0.13960432472454537	0.06286105477747893	0.1437816759943405	0.11907355428984277	0.07534075677091494	0.10819050905801417	0.17267542857909363	0.16352480079143458	0.0606468762198089	0.13315012055875913	0.05396007443810465	0.15028397461131188	0.16021577118489422	0.11649604240538924	0.047268498718431404	0.1574941320155032	0.15762801562575215	0.02780748466064679	0.09435790909624157	0.008578610031923556	0.05799445947021348	0.056466560519019875	0.09414747450104773	0.032527978498897936	0.02960382040594907	0.031859145485442136	0.050001985411896786	0.15672121805472822	0.15834903334858214	0.15834903334858214	0.15116381668436568	0.1529601208504198	0.16912685834490665	0.16194164168069028	0.1529601208504198	0.1601453375146362	0.024295461714028244	0.1468392727976881	0.1577977908978011	0.024640291617677522	0.15180951583370958	0.15684770201422063	0.15489935440745117	0.15631256379294695	0.17738564680723043	0.16362113397832437	0.18132457626959878	0.17557044238183553	0.17016589939646162	0.1846111680086094	0.15692151954506253	0.15803827606360682	0.1308881882698873	0.09587567346999878	0.15423902841507295	0.09000544836003399	0.15907989808947498	0.15048220933227036	0.19523965824522077	0.1343112750277681	0.20989185094730012	0.15525902823736382	0.15865713690340238	0.15335507161732176	0.15060682861268687	0.06681347511180175	0.14932345749822343	0.07029442130612215	0.1335091625644418	0.1137718443978908	0.16194164168069028	0.14577490418620337	0.1260155583596083	0.1349970791898788	0.1123432559231059	0.04461485967393143	0.06731480781563005	0.02363706010845337	0.09694213607609128	0.04930436691010869	0.08296378545267598	0.10214611327733175	0.09732777753836475	0.08165609632541698	0.10471308183078627	0.11874198581125739	0.07892995521718946	0.029307033920475282	0.07156961994353957	0.07058889535734607	0.037350452065741696	0.0699146711942971	0.049988886838104755	0.0633735486721182	0.05591850001810877	0.03490444694385628	0.04647586342043646	0.07051034238078664	0.10940492774757327	0.0670745192253653
G1-12	0.09427346913062754	0.0	0.21299023822109223	0.05145797726076679	0.06951315780907243	0.059764946579571196	0.09411275358177155	0.053780317156261706	0.05565590809820567	0.2116780736519494	0.051963037936260656	0.20087341408479673	0.26507661255840803	0.255925984770749	0.1530480601991233	0.22555130453807348	0.13682605970976885	0.08085639835302684	0.06594230205426668	0.20805650740789877	0.14044317171229195	0.06346003221394078	0.06408398183958255	0.12062799243378745	0.18650143840539263	0.09471560815380464	0.15048131873227713	0.1488677444983343	0.0023167336986799876	0.09022012899186047	0.09438570599442102	0.12446366239754882	0.12553040153838804	0.06640092012719002	0.06699758993633445	0.06699758993633445	0.05981237327211808	0.06160867743817219	0.07777541493265905	0.07059019826844266	0.06160867743817219	0.06879389410238856	0.11710489828990028	0.05437163472252933	0.06491712855860914	0.09955544563254408	0.08267713794186994	0.06472157186146639	0.0626650239552993	0.06453030529215799	0.2693738072225117	0.2560223179576388	0.2730380192449826	0.26779969111016727	0.26256708337577594	0.275980740482028	0.24903685887349722	0.11068484154869472	0.2234927075819939	0.18808143120176188	0.24684354782717963	0.18178153371280742	0.25106154747007786	0.0969890082820604	0.14778344209139394	0.049838696572276145	0.16325789230479104	0.06296096543362695	0.06618949957824366	0.06088743429216301	0.0593766335612196	0.06006088327526808	0.05806012442615214	0.0570536970643225	0.04224582949237051	0.022508511325819495	0.07059019826844266	0.05442346077395578	0.034664114947360686	0.04364563577763118	0.021190640634482318	0.07313652775025975	0.16036660296055483	0.11617039976559417	0.18986157161870476	0.13703632002102006	0.1759163590158935	0.04556246757276306	0.023739552049805053	0.17589642743544048	0.11716881600828144	0.15143814897061078	0.17115684311596044	0.11003005530069004	0.04692367111705697	0.16378572656229154	0.12983974638523244	0.1624039655137878	0.11392342162399748	0.05837295732117933	0.14883813948520713	0.12730828065800676	0.13936236486693088	0.16325804659690235	0.201649573146806	0.1599941586924637
G1-13	0.12039471616503901	0.21299023822109223	0.0	0.2465644434775273	0.2742900978944104	0.23095456224975291	0.20527663624590892	0.16592739634309633	0.24539496006802294	0.034868224749008934	0.18096389154007708	0.030350955800783654	0.07725311769382731	0.06810249060616827	0.0758376376181108	0.04493306580273494	0.10919078667435833	0.26492313673249784	0.2742559453156727	0.029828789786882522	0.07684691157981346	0.2757263435257651	0.2733558876640889	0.1002809645305264	0.033389634204541	0.12724913105663008	0.10077135345092093	0.08007724345918753	0.21332658194076246	0.14947522646777872	0.14581577393675457	0.11171636920604987	0.1424197492462168	0.2689498056611987	0.2752522261473747	0.2752522261473747	0.26806700948315837	0.2698633136492124	0.28603005114369934	0.27884483447948294	0.2698633136492124	0.27704853031342874	0.09930537735076259	0.26663794213435366	0.27773542832871867	0.140852245148483	0.2538119484893568	0.2768544925072061	0.27388265617583246	0.2761112331296125	0.08155031235793096	0.06783082865420124	0.08503052716097345	0.07997619624558658	0.0745595912917669	0.08815724561744724	0.06083114005589234	0.2513661818941184	0.0421124071618879	0.04732674847564747	0.05764140842734405	0.03276025252976659	0.06317351576973321	0.2527498542378597	0.24773913967781105	0.23910135792096304	0.24389747080820645	0.25933013946886124	0.2788238006789248	0.27370573261227266	0.2675872146021717	0.18376072308068256	0.26627070546710424	0.1872416692750029	0.25045641053332257	0.23071909236677154	0.27884483447948294	0.26267809698499606	0.2429187511584009	0.25190027198867143	0.22987856155253536	0.16175040165374602	0.06267515015236498	0.12124775199237567	0.03320848176959672	0.10849628766763675	0.055014494948102746	0.20538575775881637	0.214858511003533	0.04257528634369883	0.1491944402398283	0.15207218551984883	0.052781365533826924	0.11023977001587917	0.18869960418604095	0.05290030960072026	0.1076655343294772	0.05390290771300014	0.1480551519836253	0.1726802949000398	0.07162823149534615	0.08749554704255	0.07883209115726292	0.05174585834966074	0.02992564780661096	0.055270811485152775
G1-130	0.14261885149736364	0.05145797726076679	0.2465644434775273	0.0	0.03493270953683886	0.030598189743957723	0.0990450577924878	0.08369490332581826	0.020298351438665745	0.2615455684282035	0.08893891750324924	0.24967566807830816	0.3143202054384834	0.3041379661449285	0.20108810632232013	0.2735913506612704	0.16451640559357245	0.07280053261503415	0.039951422900729484	0.2582686993456735	0.18904115415871564	0.03722978373133845	0.03872332284477099	0.16922579218202485	0.23537515352412405	0.14345332501155214	0.19894485874917997	0.19690779062153116	0.05213821937606358	0.13936814849571155	0.1435337254982721	0.17361168190139983	0.1746784210422391	0.051176551605749666	0.04913760780834229	0.04913760780834229	0.052261079966322184	0.051480211926827196	0.0496067436824706	0.04757587172935234	0.051480211926827196	0.04835673976884731	0.1657740573641552	0.0306047169018028	0.036474501635111116	0.14870346478639518	0.035386013455393335	0.03552441275153064	0.04113756563930075	0.034989274530256964	0.31920235891760285	0.3044062345828009	0.3231412883799712	0.3173871544922079	0.31170789406693666	0.32642788011898183	0.2984198260265275	0.06349649775113282	0.2726847822559332	0.23716029764354504	0.2960943494199454	0.23208954006607013	0.30034173248419344	0.04986973023437201	0.10069788048274678	0.03948922688621865	0.11493894442916727	0.018171995214168325	0.035991439543420406	0.030656300546770664	0.05170409159464338	0.10920890277911918	0.052997892685728985	0.10620171656817358	0.06033409003180088	0.06894566597628965	0.04757587172935234	0.0546036840848071	0.06319323251925181	0.059288892321776934	0.06240679111049477	0.12143195258915361	0.18853951599404767	0.16394613453313822	0.21883876795965118	0.16522439687125273	0.2048263222882027	0.08018381151701637	0.07172576366884546	0.22278926292369308	0.14671737579232494	0.1813636500671887	0.20093748721975344	0.13838081398475754	0.09483155172998937	0.21017517086406562	0.17774762699816482	0.21031184612672021	0.15712175135651754	0.09737089566730428	0.19701648369070185	0.17624745596431055	0.18735577024523836	0.21221742050764064	0.2511775846878575	0.20864841220206043
G1-131	0.1592177439538492	0.06951315780907243	0.2742900978944104	0.03493270953683886	0.0	0.06459945938779217	0.12650314789977815	0.1147068213258928	0.031185026271029356	0.27702249004660645	0.09897648853496706	0.26484424312996696	0.32970901671670994	0.3195267774231551	0.20581693203962304	0.2860572626727921	0.19575707122248087	0.08489704373946008	0.028801465495479545	0.2737456209640764	0.20471805476112448	0.024720170822904914	0.02757336543952105	0.1838776639171984	0.24972147111446513	0.1572440230525834	0.2130856121616916	0.2011208105858861	0.07074467263258265	0.14425850465589873	0.14862964603628873	0.18066046402879612	0.18275502505878252	0.049615360449490095	0.032713548154883594	0.032713548154883594	0.03903935519252666	0.037457903433115884	0.027227756197997957	0.03035122835597785	0.037457903433115884	0.031132096395472826	0.1817959400650036	0.030873187476856117	0.023630907861345366	0.15410773189115595	0.05839630640699337	0.022680818977764892	0.03754441648149173	0.022825508508083	0.33459117019582946	0.3197950458610276	0.33853009965819775	0.33277596577043445	0.3270967053451633	0.34181669139720844	0.31380863730475417	0.08530692519869731	0.2865759158705272	0.24934818921667704	0.31157127103834836	0.24747835164429674	0.31573054376242	0.07228009058395425	0.12154174724928263	0.06288947970331492	0.13835998355125217	0.02818803623351039	0.021120701909361776	0.017936053105756973	0.03852642199093602	0.11368813018364746	0.04062080680193742	0.11068094397270187	0.055206312797339625	0.07262430966090214	0.03035122835597785	0.04378371047075897	0.0611796798242774	0.053272421027223564	0.06439615701509935	0.12808427780962936	0.21986842189514433	0.1708040241314434	0.2500794335885596	0.19574558717775817	0.23538160774274136	0.09425836136272192	0.06876155826201753	0.23777989204250982	0.17795804142123342	0.21260431569609714	0.2320900425084856	0.1696774144105808	0.09311494825012812	0.22556398214229217	0.18909810259298435	0.22527296199217525	0.17096314537590043	0.10251753724938409	0.21285721782536485	0.19275420712380237	0.20299857297335058	0.22782663756831995	0.26665450630626036	0.22429083144337872
G1-132	0.12700897051958923	0.059764946579571196	0.23095456224975291	0.030598189743957723	0.06459945938779217	0.0	0.07037361974072051	0.06825695809902653	0.03543401860195398	0.24564197285855036	0.07470451828333602	0.2344915478310581	0.29894910441060757	0.2897984766229486	0.1869205520513229	0.2594237963902731	0.13539172130840318	0.0813598801138278	0.06894261341284237	0.24232916653602163	0.1731016213490638	0.06622097424345137	0.06635485785370031	0.15404167193477483	0.220191033276874	0.12864443590383512	0.18391569379102218	0.18274023635053388	0.0595352292435155	0.12422808341854961	0.12839366042111017	0.15842756165414978	0.15949430079498905	0.07105676653951062	0.0679424451405559	0.0679424451405559	0.060757229076339514	0.06255353309239362	0.0787202692368805	0.0715350531726641	0.06255353309239362	0.06973874915661	0.15043658546312622	0.05521969119906247	0.0654983810475837	0.13391584106993853	0.0262673493431675	0.06454829216400322	0.06599908336519278	0.06401315394272954	0.3036593226387445	0.2898948098098383	0.3075982521011127	0.30184411821334944	0.29643957522797554	0.3108848438401234	0.2835294201211562	0.05417785475490106	0.25789715853947653	0.221976177396295	0.2811598883444858	0.21647965883829576	0.2855541087677368	0.04055108798814023	0.09137923678651502	0.042514279213164585	0.10603142968859437	0.047195874376640905	0.06635772705318499	0.06105566181710437	0.06020024070466072	0.09722711741153224	0.061494041795746336	0.09582109864041828	0.06843374261102476	0.07704531855551355	0.0715350531726641	0.06309983319482444	0.07168938162926915	0.06778504143179429	0.0709029402205121	0.10671117382161294	0.17292779267430772	0.14922535576559753	0.20188091616196496	0.13679601461631594	0.18991465089157095	0.06704519577399819	0.07670537372691133	0.20815836717298644	0.11678135585170062	0.1510311335957709	0.18052994477139042	0.12123059798682165	0.08698055687814212	0.19549181084012043	0.16331574170663857	0.19614429185572294	0.1429541970855203	0.0831592862262188	0.18177326274372058	0.16059351956644802	0.17249618954094056	0.19634320825933732	0.2353261622183819	0.19288510007276125
G1-135	0.13960432472454537	0.09411275358177155	0.20527663624590892	0.0990450577924878	0.12650314789977815	0.07037361974072051	0.0	0.08587872458147454	0.09610508426438663	0.21922400787881377	0.09800668757049083	0.20835296070620382	0.2738179999665369	0.2636357606729819	0.16667115374546007	0.23016624592261897	0.10426076818981832	0.13909966705427204	0.13619998892557186	0.21678205080953405	0.16233096622617924	0.13347834975618086	0.13361223336642972	0.15363732435191746	0.19373143292211445	0.13807386264519622	0.1668629265060644	0.16623293286653498	0.09363533887849435	0.14012486965051024	0.14255558931540732	0.157422455040135	0.15314593191927872	0.1250994371687818	0.13012373664786167	0.13012373664786167	0.12293851998364529	0.1247348241496994	0.1409015616441863	0.13371634497996987	0.1247348241496994	0.13192004081391578	0.15117966258682147	0.12208819877893315	0.1355195594275989	0.14536763261387117	0.08461478258908947	0.13456947054401847	0.12852981525941018	0.1326939886606282	0.2787001534456563	0.26256368544873787	0.28140422387203434	0.27688494902026134	0.26986534493287356	0.28592567464703533	0.25617620724896883	0.05651432060560315	0.22869889574790586	0.1926782604386903	0.2549464843376672	0.19215319587348453	0.2595721472165831	0.07023483608800088	0.06295509721046924	0.09933940425829631	0.07646290899886801	0.11721705275665613	0.13166900981349877	0.12922107632153168	0.12238153191196649	0.1254440944079817	0.12109816079750303	0.12377069584120398	0.10519575552354508	0.10539598614979484	0.13371634497996987	0.117549607635483	0.09968760716284515	0.1067717829391584	0.099433481386119	0.12923786539819443	0.148215048395488	0.1506871457686077	0.1771865944935692	0.11052682209359542	0.16334318805547404	0.09294851211958507	0.10249474859290976	0.18061262669998843	0.057200838427330404	0.08804311679867893	0.15466371732319859	0.11036413575298604	0.11160790215765196	0.1722071068955464	0.15202570860839618	0.1740966649374284	0.13675300706175222	0.10400682848617647	0.1667980780783091	0.1584757605290616	0.16170998954358265	0.17650281690073757	0.20982348722242636	0.17470149057414883
G1-136	0.06286105477747893	0.053780317156261706	0.16592739634309633	0.08369490332581826	0.1147068213258928	0.06825695809902653	0.08587872458147454	0.0	0.08564021474961035	0.18002428241068918	0.024260280864169443	0.17084949590483614	0.2352212071937596	0.2260705794061006	0.12185231117235829	0.19569589917342506	0.08783901719263523	0.10566522718156762	0.1170419318362953	0.1765771241168929	0.10868992259205155	0.11432029266690426	0.1144541762771532	0.09046646600746884	0.15701689599306362	0.06382156901729108	0.11797275909280239	0.11901233913368581	0.0524573197263957	0.0630105724309029	0.06487284218519314	0.09415021486840511	0.09253626668501123	0.11162176366711202	0.11798640680830844	0.11798640680830844	0.11080119014409205	0.11259749431014614	0.128764231804633	0.12157901514041662	0.11259749431014614	0.11978271097436255	0.08560318774924955	0.10359278393984868	0.11740392461517744	0.06924199805340042	0.09023347467708338	0.11645383573159698	0.11165286554961175	0.11323801018609018	0.24010336067287907	0.22348622526875725	0.2428074310992571	0.23828815624748412	0.23137133434901097	0.24732888187425803	0.21819610755967983	0.10578089911354702	0.1918389163907337	0.15701031943527582	0.21653010019803592	0.15272316232568256	0.22169482976620888	0.09238743921979309	0.14298228184516099	0.08079800604479548	0.15753169235832556	0.09910141794423467	0.11675099170767955	0.11278927008371548	0.11028825724250142	0.04832979738837434	0.10900488612803794	0.046656399121596616	0.09319059119425632	0.07345327302770531	0.12157901514041662	0.10541227764592974	0.08565293181933467	0.09463445264960517	0.07201376740343628	0.05185885058590655	0.11167087859616703	0.08556661161081741	0.1413017033038008	0.08840680753780535	0.12601884947608447	0.04811993841975016	0.05694005315611135	0.14253633863341716	0.06918031113647455	0.10382658991133824	0.12056477995057768	0.06060880506945678	0.03515870017589789	0.13176391362327236	0.09725959852626267	0.13250450497905117	0.07654561254443912	0.02886464032753799	0.11592693222037195	0.09776550172133519	0.10645115760209564	0.13337139715826557	0.16948600945907685	0.12993557400284425
G1-138	0.1437816759943405	0.05565590809820567	0.24539496006802294	0.020298351438665745	0.031185026271029356	0.03543401860195398	0.09610508426438663	0.08564021474961035	0.0	0.26033203014861106	0.07674933367612875	0.2481537829319716	0.31315072202897903	0.3029684827354242	0.18925863735189205	0.2694989679850612	0.1653590078870894	0.08461738182041989	0.0570352146159137	0.25718847992208493	0.18912747210016168	0.054313575446522655	0.054447459056771605	0.16828708110623555	0.23303101086646968	0.14165344024162055	0.19686176685971007	0.18456251589815514	0.05608741825405637	0.1275680444579033	0.13193918583829328	0.1639700038308007	0.16606456486078708	0.04589144557841524	0.04073764092468511	0.04073764092468511	0.041283941027115946	0.04050307298762097	0.05151546547100971	0.04433024895679333	0.04050307298762097	0.04253394494073921	0.16656948905853333	0.04534500657048542	0.05471671255066744	0.1374613268632487	0.05242483516884057	0.05376662366708697	0.05450593405732966	0.053231485445813284	0.3180328755080986	0.3032367511732966	0.3219718049704668	0.31621767108270354	0.3105384106574323	0.3252583967094775	0.29725034261702327	0.07933545396054452	0.2699735660127081	0.23265772901868165	0.2948808108403529	0.23148666071958263	0.29917224907468914	0.06630861934580146	0.11493701402011107	0.04113047637302385	0.12871146242051776	0.03641420587972465	0.05220650659868385	0.0484182294446002	0.040726952655437146	0.09658654122999319	0.04202075374652277	0.09357935501904761	0.04931289607250648	0.05792447186699526	0.04433024895679333	0.043626545145600874	0.052216093580045565	0.048311753382570696	0.05166219322070751	0.11162539718371044	0.1897249256882448	0.15424572944371245	0.2197807839649801	0.1654578547036628	0.20511609613976584	0.06766423215680512	0.05150460542087188	0.22132293144762605	0.14763736309493106	0.18220625201070562	0.20199079312836346	0.1404673386023982	0.0764244881521327	0.2096389510455801	0.17287425794100275	0.20915983178828382	0.15440485128816947	0.08171479615516986	0.1972997736467138	0.17729636902536033	0.1874081827924925	0.212135683515268	0.25013069475327004	0.2086663447999317
G1-139	0.11907355428984277	0.2116780736519494	0.034868224749008934	0.2615455684282035	0.27702249004660645	0.24564197285855036	0.21922400787881377	0.18002428241068918	0.26033203014861106	0.0	0.19216248970187777	0.013171355808860875	0.05786350398377333	0.04871287639611429	0.07284932958003697	0.0183381978634388	0.12395163582459377	0.2668298714975656	0.27628003204409946	0.015164033487515712	0.0734442447400776	0.2736275459367764	0.27437765665932723	0.0962046484496789	0.02937997760169548	0.12280946159468129	0.09716698088502715	0.07824528186380185	0.21056011073155576	0.14612492814988595	0.1427997003634415	0.10817163359167892	0.13861908052236163	0.2704054660591026	0.27234247953036356	0.27234247953036356	0.2651572628661472	0.2669535670322013	0.2831203045266882	0.27593508786247173	0.2669535670322013	0.2741387836964177	0.09585962140422463	0.2631118997557581	0.2758664356093417	0.13818861293587525	0.2683350164318275	0.27578295017992754	0.27184440267189275	0.27404577442067307	0.0623569749968925	0.04746886572088753	0.06510396257893117	0.060792146913362	0.05390156092129612	0.06948710722979624	0.03917419352056687	0.2670764514664922	0.012772994112853727	0.0439734044972696	0.0373428673190219	0.030228555298720667	0.042706117038053736	0.26857219402796206	0.2635614794679134	0.249420839871813	0.27013098434917737	0.27412512334100286	0.2754901149501155	0.2713042528906942	0.2646334128150724	0.18036636959270164	0.263316903680005	0.18380326061693386	0.2467977260248128	0.22701635268817355	0.27593508786247173	0.2597683503679849	0.2400090045413898	0.24899052537166028	0.22673550751251736	0.1594593761331027	0.07662254560150392	0.11970876572410412	0.051941936812219966	0.1225996054806934	0.06862400780559584	0.21612005691207242	0.2129824942380592	0.03947606438756891	0.1663934257638244	0.17923652785182342	0.06749494478490803	0.12526495018664355	0.18565241340904093	0.052891181305437074	0.10445947194654806	0.05174952860443124	0.14999919218199007	0.17952612114419414	0.06864244491285765	0.08570924121955178	0.07553014184508164	0.04953371249839231	0.012016675919206729	0.05299993861505777
G1-14	0.07534075677091494	0.051963037936260656	0.18096389154007708	0.08893891750324924	0.09897648853496706	0.07470451828333602	0.09800668757049083	0.024260280864169443	0.07674933367612875	0.19216248970187777	0.0	0.18016824005466672	0.24518949326806946	0.23500725397451452	0.12111341137155401	0.2015377392241515	0.10511318137460027	0.09850680217624753	0.11474406405790495	0.18678837102581913	0.12072518144316344	0.11481570638227952	0.11270174784848157	0.09986825417191789	0.16517915793699672	0.07325114983462232	0.12282211921653421	0.11660128713724552	0.05193972791091315	0.06328266033152831	0.06744823803408885	0.09752619373721665	0.09786874067520451	0.1012370034928442	0.10656346751855918	0.10656346751855918	0.09937825085434279	0.10117455502039688	0.11734129251488377	0.11015607585066735	0.10117455502039688	0.10835977168461326	0.09803490457120073	0.10322691976151252	0.11568593118691861	0.07261797767221194	0.0988503875849388	0.11473584230333811	0.10878658046935123	0.11383270964320759	0.25007164674718896	0.23490752797353015	0.25382657899012884	0.24825644232179395	0.2423931846770943	0.2572971679485679	0.2289045817899373	0.12292666593583641	0.20171591552579854	0.1638450222982302	0.22689526791304807	0.16289161200491228	0.23101048546703162	0.10989983132109336	0.1585282259954029	0.07637281136585711	0.17273595975282244	0.10286646591093426	0.11299172801550657	0.10938744808085137	0.09890937312284029	0.03952808467426227	0.09762600200837683	0.03812206655314828	0.0818117070745952	0.062074388908044176	0.11015607585066735	0.09398933835618048	0.07422999252958537	0.08321151335985588	0.060623966134290996	0.045447971782057714	0.12939009383021383	0.08792901570543832	0.15950175562185204	0.10513477119044663	0.14465307047720938	0.041391630496285255	0.040510687342339625	0.15301917743952334	0.08731415157335277	0.12196043109821644	0.140967258102744	0.0794995818959721	0.023552353654135577	0.14128849209774577	0.1042879700645761	0.14089748318062578	0.08611968265849117	0.01685268719131779	0.12881257903192456	0.10911032390051201	0.11892098817770333	0.14394963839041963	0.1818110435888511	0.14054714462399928
G1-140	0.10819050905801417	0.20087341408479673	0.030350955800783654	0.24967566807830816	0.26484424312996696	0.2344915478310581	0.20835296070620382	0.17084949590483614	0.2481537829319716	0.013171355808860875	0.18016824005466672	0.0	0.06812687160987305	0.05835955068872572	0.06167827290480935	0.02757374370039136	0.11289913766470142	0.25716555603838964	0.2668157161390634	0.013489663497409262	0.06385443937514275	0.2640940769696724	0.2649133407542911	0.0835867223619635	0.01683369816011395	0.1113807563807096	0.08587906823921262	0.06573388152645766	0.2009574885523838	0.13363210653794008	0.13097532824065494	0.09656753731933312	0.1281791072317798	0.2589072227989335	0.25984965791841763	0.25984965791841763	0.2526644412542013	0.2544607454202554	0.27062748291474226	0.26344226625052586	0.2544607454202554	0.2616459620844717	0.08594675784993411	0.2524795608790646	0.2647160105818493	0.1263642408130887	0.2588707005267913	0.2646325251524352	0.26100649941736986	0.26423569305529737	0.07262034262299223	0.05855866606453023	0.0766713423030891	0.07105551453946174	0.0654024900205977	0.07995793404209976	0.05017979040069313	0.25627179189933946	0.0240359120264806	0.03256266415175875	0.047643368965233066	0.019324291598694334	0.052268588067148715	0.2577675344608093	0.2527568199007607	0.23836835098898668	0.26418586453450227	0.2629746983135104	0.2646522116955925	0.2591260059740546	0.2521405912031265	0.16787354798075577	0.25082408206805906	0.17131043900498796	0.23430490441286683	0.2145675862463158	0.26344226625052586	0.24727552875603898	0.2275161829294439	0.23649770375971435	0.2143426749675744	0.1469665545211568	0.06474362350113454	0.10721594411215818	0.04664137376747483	0.1101067837187475	0.05991860565290667	0.20362723530012655	0.20063759188637015	0.029306610472205286	0.16098539304987847	0.1740870880454512	0.06182608829324704	0.11390896093132175	0.174714521337515	0.04132962737228584	0.0936215688420251	0.03957128153779171	0.13916128907746714	0.16724788546055167	0.05872958135856727	0.07455881619205942	0.06530893172404699	0.03838328727089994	0.005167417496846105	0.04184951338756541
G1-141	0.17267542857909363	0.26507661255840803	0.07725311769382731	0.3143202054384834	0.32970901671670994	0.29894910441060757	0.2738179999665369	0.2352212071937596	0.31315072202897903	0.05786350398377333	0.24518949326806946	0.06812687160987305	0.0	0.011182238664253958	0.1252324283392036	0.044985086454850026	0.17694654863531445	0.3211683980961226	0.33088522471484283	0.07075625916387947	0.1285094818263053	0.3281635855454518	0.32902690450015876	0.1515084428987848	0.08449265512757546	0.17840015118810906	0.15311873889705294	0.128588206130824	0.26533538351878033	0.20031771187242095	0.19772777852405174	0.16362837379334705	0.19540659190079862	0.32520691048305	0.3255827417395172	0.3255827417395172	0.3183975250753009	0.32019382924135487	0.3363605667358418	0.32917535007162546	0.32019382924135487	0.32737904590557126	0.1501797852339699	0.3177671362242617	0.3288975895753574	0.1927642497357802	0.32316434953802803	0.3286328808661467	0.3258272178340248	0.32809774264487296	0.0059481447300195325	0.012594658579915567	0.010054246715888534	0.004032434399170441	0.0040647267513919064	0.012740164254634118	0.019978427403066424	0.3204533706928476	0.051889456933466825	0.09865676894965	0.026121031546189034	0.08446640502034071	0.016661356592222884	0.3218370430365888	0.31682632847654013	0.305651436883348	0.3084601226309398	0.32704420708928994	0.32958500032997606	0.32428293504389544	0.31809510382040634	0.23433582868966102	0.3166452762293349	0.23808415467964514	0.3008309812955533	0.28109366312900225	0.32917535007162546	0.3130086125771386	0.29324926675054347	0.302230787580814	0.28100898848070166	0.21356620845628205	0.1309841364598645	0.17294902793325778	0.10162024946601096	0.17680527362513623	0.12347414828602969	0.27015331218281297	0.26528052591484924	0.0953028207389742	0.2179818137066802	0.20769416755099263	0.12195952321836351	0.17853029156816283	0.23968885622660877	0.10557770742554064	0.15883878358947345	0.1045241650647111	0.2040260624642103	0.2322114947685582	0.12280148075534239	0.13887139059710749	0.12982134319783076	0.10277783140225293	0.0666475000184241	0.10606400433784638
G1-142	0.16352480079143458	0.255925984770749	0.06810249060616827	0.3041379661449285	0.3195267774231551	0.2897984766229486	0.2636357606729819	0.2260705794061006	0.3029684827354242	0.04871287639611429	0.23500725397451452	0.05835955068872572	0.011182238664253958	0.0	0.11505018904564872	0.033836012490157955	0.1669362445927422	0.31201777030846356	0.3217345969271838	0.0616056313762204	0.11935885403864625	0.31901295775779276	0.31987627671249974	0.14174112197763744	0.07472533420642814	0.16863283026696174	0.14335141797590562	0.1184059668372691	0.2561847557311213	0.19055039095127363	0.18796045760290442	0.15386105287219973	0.18563927097965136	0.3154395895619027	0.3158154208183699	0.3158154208183699	0.30863020415415354	0.3104265083202076	0.3265932458146945	0.3194080291504781	0.3104265083202076	0.317611724984424	0.14092637525739615	0.3078615091789786	0.3197469617876984	0.18299692881463286	0.314013721750369	0.3194822530784877	0.31564497854046986	0.318947114857214	0.017064053995149705	0.004064768108850901	0.021203320680580593	0.015148343664300611	0.009802753648185178	0.023856073519764286	0.010211108581919079	0.3113027429051885	0.0421221370623195	0.0888894480285027	0.016353711675041693	0.07531577813268166	0.00689403777107554	0.31268641524892976	0.3076757006888811	0.29588411596220066	0.29900114827653657	0.3178935793016309	0.3194027610364212	0.3141006957503405	0.308327782899259	0.2245685077685137	0.3068779553081876	0.22831683375849784	0.29106366037440595	0.2713263422078549	0.3194080291504781	0.30324129165599123	0.28348194582939606	0.29246346665966666	0.2712416675595543	0.20379888753513475	0.12131959772763191	0.16318170701211046	0.09246962167835193	0.1670379527039889	0.11370682736488234	0.26038599126166573	0.2550982866212944	0.08512058144541933	0.20883118591902125	0.20334704208282836	0.11280889543070446	0.16903579327853846	0.2295066169330539	0.09573933863395102	0.14865654429591857	0.09434192577115623	0.19384382317065538	0.22202925547500335	0.11347891771670073	0.12972076280944844	0.11998297440624114	0.0936272036145939	0.057496873330765044	0.09691337655018735
G1-143	0.0606468762198089	0.1530480601991233	0.0758376376181108	0.20108810632232013	0.20581693203962304	0.1869205520513229	0.16667115374546007	0.12185231117235829	0.18925863735189205	0.07284932958003697	0.12111341137155401	0.06167827290480935	0.1252324283392036	0.11505018904564872	0.0	0.08161400443428667	0.0860255987788768	0.20779950207472123	0.21751632869344154	0.06980576837051387	0.015140585804904032	0.21479468952405056	0.2156580084787575	0.037835375516864576	0.046821995132010207	0.062358918254925184	0.03849478281727311	0.005395952283764879	0.151966487497379	0.0811971884780208	0.07860725512965158	0.04450785039894691	0.07494572484428196	0.20474604342653324	0.20646221834511708	0.20646221834511708	0.1992770016809007	0.2010733058469548	0.21724004334144167	0.21005482667722528	0.2010733058469548	0.20825852251117116	0.0367081070236539	0.2034376765674068	0.21686903721607262	0.07364372634138004	0.2097954535166267	0.21660432850686204	0.20987929304788394	0.21472884662347178	0.1301145818183231	0.1139781138214046	0.1328186522447011	0.12829937739292813	0.12127977330554031	0.13734010301970198	0.10865819177606888	0.20842481833356283	0.08150285515093107	0.043908610287152074	0.10790521425887073	0.045268072149775435	0.11185378261784933	0.20980849067730406	0.22881528771472928	0.1911182197448437	0.2417564957401113	0.2150156547300052	0.2130184876019725	0.2105705541100054	0.1989745804260062	0.11521530529526086	0.19752475283493473	0.11896363128524504	0.18171045790115314	0.1619731397346021	0.21005482667722528	0.19388808918273842	0.1741287433561433	0.1831102641864138	0.16188846508630145	0.09444568506188192	0.0385734389272457	0.05382850453885766	0.05210895537698484	0.08092463866374247	0.03617607902677927	0.15103278878841284	0.14138844123776229	0.0349564669461855	0.13797661014402737	0.15090589186589776	0.03741164166393082	0.06615786870691277	0.11445642788740518	0.025586769650143587	0.04013989478761026	0.023073408328741066	0.0937186602177359	0.10831941009147117	0.012145273174860718	0.026842838237822745	0.015764706172498883	0.026424182151574167	0.06284720438340614	0.022954843436237885
G1-144	0.13315012055875913	0.22555130453807348	0.04493306580273494	0.2735913506612704	0.2860572626727921	0.2594237963902731	0.23016624592261897	0.19569589917342506	0.2694989679850612	0.0183381978634388	0.2015377392241515	0.02757374370039136	0.044985086454850026	0.033836012490157955	0.08161400443428667	0.0	0.1365615643600667	0.281643090075788	0.29135991669450834	0.031230951643544932	0.0889841738059708	0.28863827752511734	0.2895015964798242	0.11033861985581478	0.043117268606776046	0.13640807063382135	0.11153778709842407	0.08496978172590704	0.22581007549844584	0.15835896095713423	0.15576902760876504	0.12166962287806034	0.15341451134651093	0.28321482992876224	0.28362399082423045	0.28362399082423045	0.27643877416001417	0.2782350783260682	0.29440181582055513	0.28721659915633874	0.2782350783260682	0.28542029499028454	0.11055169502472066	0.27728126456847363	0.28937228155502287	0.15080549882049352	0.2836390415176935	0.2891075728458122	0.28372288104895066	0.28857243462453847	0.05090006648530766	0.0360034362450516	0.05500616847117666	0.04898435615445857	0.04363876613834314	0.057692086009922254	0.031983179602724184	0.28092806267251297	0.010102943257008543	0.0566646883953623	0.029889858173409462	0.04494110030000616	0.03383842678238806	0.28231173501625423	0.27730102045620564	0.2649618077459103	0.27903405640276646	0.28751889906895545	0.2868620756030392	0.28307379844895564	0.27610302326611863	0.1923770777743743	0.27468652531404814	0.19612540376435844	0.2588722303802666	0.23913491221371555	0.28721659915633874	0.2710498616618519	0.2512905158352567	0.26027203666552723	0.23901690792641392	0.1715741279019944	0.09094491799495642	0.13099027701797109	0.06270678110785004	0.1358410149599957	0.08333214788220689	0.22819456126752632	0.22162877187093136	0.05395537886989853	0.17845650568634575	0.18818345252855298	0.08243421624802898	0.138661113045863	0.19603710218269083	0.06536466050127555	0.1151870295455555	0.06327950653455015	0.16174979042815346	0.18855974072464032	0.0831042382840252	0.09934608257677296	0.08960829427356566	0.06325252483191839	0.027122195498089533	0.06653869771751185
G1-15	0.05396007443810465	0.13682605970976885	0.10919078667435833	0.16451640559357245	0.19575707122248087	0.13539172130840318	0.10426076818981832	0.08783901719263523	0.1653590078870894	0.12395163582459377	0.10511318137460027	0.11289913766470142	0.17694654863531445	0.1669362445927422	0.0860255987788768	0.1365615643600667	0.0	0.1912579672114761	0.20263467186620376	0.12013250542032161	0.07721609686065507	0.19991303269681274	0.20004691630706165	0.06878063474475007	0.10234122246795653	0.055249584157145516	0.08328978937426099	0.08424703423783521	0.1367764444795241	0.07223402552753357	0.06964409217916438	0.07420226828169577	0.08075281239274235	0.19416754093837182	0.19785149675533514	0.19785149675533514	0.19066628009111877	0.19246258425717286	0.20862932175165974	0.20144410508744331	0.19246258425717286	0.19964780092138926	0.06627415132225392	0.18886436630691322	0.20064703672671827	0.06490083964133361	0.15447636640157042	0.1996969478431378	0.19671698873047253	0.1991618096218641	0.18182870211443394	0.16703257777963199	0.18576763157680223	0.18001349768903901	0.17433423726376773	0.1890542233158129	0.1611489514622733	0.1517653875563899	0.13551668983059362	0.10572753372720908	0.158779419735603	0.10053749668244957	0.16317364005885387	0.15314905990013117	0.15110633467305645	0.16556844893951322	0.16386303826319976	0.18234453005577547	0.20047477122642374	0.19517270594034308	0.190142430040044	0.10625214234477362	0.18882592090497652	0.11000046833475777	0.17274729495066593	0.15300997678411482	0.20144410508744331	0.18527736759295643	0.16551802176636135	0.1744995425966319	0.15224452468748892	0.08428301318370451	0.0507188938921385	0.06471486741603072	0.07724600620395487	0.012013840695531868	0.06081834239693155	0.12069652367341871	0.13678211643018595	0.0946932067793922	0.05921773509882965	0.0728599708622869	0.05903280630800377	0.027230212623178447	0.11052499946762057	0.08596125196886228	0.0710372846664554	0.08867734824505347	0.06302766908674275	0.09337285252910073	0.08189256681374159	0.07229675055129343	0.07667231276875063	0.09014758624261675	0.11394951057796295	0.08827941496711206
G1-175	0.15028397461131188	0.08085639835302684	0.26492313673249784	0.07280053261503415	0.08489704373946008	0.0813598801138278	0.13909966705427204	0.10566522718156762	0.08461738182041989	0.2668298714975656	0.09850680217624753	0.25716555603838964	0.3211683980961226	0.31201777030846356	0.20779950207472123	0.281643090075788	0.1912579672114761	0.0	0.07537907541935461	0.25671036732675473	0.19497964363302778	0.07591908615965626	0.07237804895638866	0.17712013394152024	0.24292673501420944	0.1497337161015889	0.19046093972895706	0.20495953003604872	0.08011869555324788	0.14671227049959318	0.15087784750215374	0.18095580390528157	0.1494195843480267	0.07096969367510678	0.0975894313526167	0.0975894313526167	0.0979935925042294	0.09789255221632626	0.09698318962519767	0.09738735077681035	0.09789255221632626	0.09748839106471355	0.17212300623768456	0.06287322628388335	0.08302746773321418	0.15604758679027686	0.08065375160944752	0.08235027580902302	0.06034329755634205	0.07679763379124839	0.3254655927602262	0.3094334161711202	0.3278949457467068	0.32389147664788176	0.3173185252513739	0.33207252601974246	0.30418865671911355	0.11134214254050541	0.27864450542761005	0.24195540196261658	0.3033356893349124	0.23827367522054016	0.30755368897781066	0.09764630927387108	0.1484407430832046	0.05637031659258331	0.16391519369660165	0.07914476010003828	0.08295949469073215	0.07899777336676808	0.09755785249333092	0.11655302478300086	0.09813868781222077	0.11370536164348503	0.09940049056405455	0.10053396124103352	0.09738735077681035	0.09829671336793892	0.0994081565348738	0.09890295509535796	0.09542140449178176	0.12901334333311218	0.21479851046226195	0.17156557932139824	0.24429347912041197	0.1914682275227272	0.2291134075816104	0.10611282283879647	0.0962601934694195	0.23056658925400833	0.17160072350998862	0.20587005342231796	0.22297490824235042	0.1645956527002291	0.10108000461701408	0.21869927009104712	0.16971524514438846	0.21876241712368868	0.16299395447723844	0.11280486482288654	0.2011755601087583	0.18373357721682357	0.19304012915259858	0.2196833431557192	0.25532733743247377	0.21635261030236458
