	G1-11	G1-12	G1-13	G1-130	G1-131	G1-132	G1-135	G1-136	G1-138	G1-139	G1-14	G1-140	G1-141	G1-142	G1-143	G1-144	G1-15	G1-175	G1-176	G1-177	G1-178	G1-180	G1-182	G1-187	G1-188	G1-189	G1-190	G1-192	G1-193	G2-1100	G2-1101	G2-1102	G2-1103	G2-1104	G2-1105	G2-1106	G2-1107	G2-1108	G2-1109	G2-1110	G2-1111	G2-1113	G2-194	G2-197	G2-198	G2-199	G2-21	G2-210	G2-211	G2-212	G2-213	G2-214	G2-215	G2-216	G2-217	G2-218	G2-219	G2-22	G2-220	G2-221	G2-222	G2-223	G2-224	G2-23	G2-24	G2-25	G2-26	G2-27	G2-28	G2-29	G2-313	G2-314	G2-315	G2-316	G2-317	G2-318	G2-319	G2-320	G2-321	G2-322	G2-323	G2-324	G2-325	G2-326	G2-327	G2-328	G2-329	G2-330	G2-413	G2-414	G2-415	G2-416	G3-417	G3-418	G3-419	G3-420	G3-421	G3-422	G3-423	G3-424	G3-425	G3-426	G3-427	G3-428	G3-429	G3-430
G1-11	0.0	0.1307052702927372	0.06166092606513098	0.05933034551471901	0.2089798301291275	0.2089798301291275	0.18667261713542047	0.05906609805662538	0.05933034551471901	0.06993708834456845	0.05405807556211121	0.1356019928548314	0.18412190107722606	0.14063763355677456	0.14063763355677456	0.14063763355677456	0.1206444296731509	0.48281058694135137	0.5330673792984214	0.35170742700612545	0.18635244474248971	0.28339157746296	0.21126899332951748	0.1356019928548314	0.10063462189545717	0.10063462189545717	0.3333352728170349	0.21317589585827754	0.12518448959041842	0.14169715166066088	0.14169715166066088	0.24038418758753435	0.3471709821091488	0.28566397724025	0.14721911801481802	0.14721911801481802	0.14721911801481802	0.14721911801481802	0.14446580384307534	0.14721911801481802	0.14446580384307534	0.14721911801481802	0.04247617947785361	0.0924174046655953	0.2900204303732796	0.10109849151008611	0.4655676080360236	0.32806427754484196	0.2675720556595407	0.37292566050028236	0.14579770844917664	0.10002885546457735	0.10002885546457735	0.14063763355677456	0.14063763355677456	0.2073007979238379	0.10081943913183984	0.2949183727008381	0.1055939460890467	0.4213733472403983	0.0984225777932597	0.1412990038932457	0.13894383748891823	0.3426322578078877	0.3426322578078877	0.4125803928020849	0.19030911201848083	0.5304172642857076	0.2784636963556143	0.09292136031274811	0.14721911801481802	0.14169715166066088	0.10646522577622708	0.14169715166066088	0.10646522577622708	0.14721911801481802	0.10646522577622708	0.14721911801481802	0.10646522577622708	0.10646522577622708	0.10112878267652622	0.14172831899513574	0.23171775014780516	0.23905519968543196	0.23171775014780516	0.23359622966276541	0.23171775014780516	0.23905519968543196	0.11961092337414064	0.12453676667710935	0.05933034551471901	0.08461058459266362	0.08456199447164174	0.27676106996222216	0.21186572888078287	0.12794755478993056	0.20937857441462257	0.1307052702927372	0.1883025392977541	0.17769767047699744	0.03378243967593493	0.005573566216277779	0.08468563238169878	0.005573566216277779	0.08461058459266362	0.17247533255504646
G1-12	0.1307052702927372	0.0	0.17992315968335365	0.17333929206555318	0.3237819509902005	0.3237819509902005	0.2929787925492199	0.18205111803773405	0.17333929206555318	0.18279351298360771	0.17769767047699744	0.019939979395435212	0.07004034513591047	0.012651312962102845	0.012651312962102845	0.012651312962102845	0.21930313366705495	0.5435991966751346	0.5569622477270987	0.3705804365660483	0.20066775464628245	0.3049790063851572	0.22652859027416886	0.019939979395435212	0.11099087935885381	0.11099087935885381	0.3518988931143435	0.22855215778276816	0.006310794260762477	0.02653558030649953	0.02653558030649953	0.15225792554158077	0.37259320954022457	0.30319673284315674	0.020360499124807044	0.020360499124807044	0.020360499124807044	0.020360499124807044	0.017197605375735583	0.020360499124807044	0.017197605375735583	0.020360499124807044	0.15844792910200928	0.20256487259796135	0.19574150917925617	0.12224785852918948	0.48965753397677325	0.24456854039790207	0.292232718761371	0.4034580194925043	0.019920171675686445	0.11038590748906257	0.11038590748906257	0.012651312962102845	0.012651312962102845	0.22246373884254145	0.12189284421071794	0.31667807534849934	0.1268284820901068	0.37318403317336957	0.11941392139311864	0.026440701655749996	0.023392623611469005	0.25016553420154497	0.25016553420154497	0.43649243354429923	0.0772161572504342	0.4923956916397227	0.30853047104645637	0.11348628737257375	0.020360499124807044	0.02653558030649953	0.11723049556043204	0.02653558030649953	0.11723049556043204	0.020360499124807044	0.11723049556043204	0.020360499124807044	0.11723049556043204	0.11723049556043204	0.11688289264697564	0.020278544914182576	0.14159993240956745	0.1396408255097692	0.14159993240956745	0.14395921497932818	0.14159993240956745	0.1396408255097692	0.012601640812169402	0.01887201844443842	0.17333929206555318	0.19567014215442247	0.1957094242708411	0.20328025097446703	0.22714680929718153	0.003162327584715782	0.2987868180380182	0.0	0.202695088350709	0.06168475349689148	0.15076553928220984	0.12583304287310842	0.10495691375916397	0.12583304287310842	0.19567014215442247	0.0672431645858421
G1-13	0.06166092606513098	0.17992315968335365	0.0	0.013133403131966903	0.16199061079376356	0.16199061079376356	0.14634257172397674	0.002594828008505597	0.013133403131966903	0.01912310960036674	0.007889045724344882	0.18398971885672494	0.13282108137265244	0.18891407031291835	0.18891407031291835	0.18891407031291835	0.0721946729883865	0.46711426522955674	0.5495889166578242	0.3135111488574265	0.13884907424695397	0.32145040968661065	0.1651567685937178	0.18398971885672494	0.14964516301842334	0.14964516301842334	0.360650147036189	0.25105264371778774	0.17945125631823314	0.1898680546492454	0.1898680546492454	0.2783596674629529	0.30870912383276977	0.24372923228357882	0.19508010929092598	0.19508010929092598	0.19508010929092598	0.19508010929092598	0.1924813205645092	0.19508010929092598	0.1924813205645092	0.19508010929092598	0.0995582232814632	0.04766804898945161	0.334162857605657	0.15020718927999469	0.4271711530868544	0.2808596473859363	0.30370000224222743	0.4050119161579384	0.19336818184528712	0.14924170497059933	0.14924170497059933	0.18891407031291835	0.18891407031291835	0.2457314838644495	0.149819908717381	0.24473923454253427	0.1540894602510452	0.44346443982561573	0.14767746581508892	0.18936781964231036	0.1872692659228286	0.2906355928303215	0.2906355928303215	0.37050067472450904	0.1390406496226772	0.4966327276993574	0.2323727650541439	0.14712807295404537	0.19508010929092598	0.1898680546492454	0.15528072865370512	0.1898680546492454	0.15528072865370512	0.19508010929092598	0.15528072865370512	0.19508010929092598	0.15528072865370512	0.15528072865370512	0.15023582558244386	0.18989747276589078	0.1876752781096857	0.1905869762360117	0.1876752781096857	0.18965163648631603	0.1876752781096857	0.1905869762360117	0.17420689891061114	0.16891268119477185	0.013133403131966903	0.0395185144416859	0.034506414905229536	0.2354842351252512	0.2497583349048699	0.18205111803773405	0.16560354925973186	0.17992315968335365	0.14090790237781478	0.12601138756629002	0.09185273638707465	0.066905283472753	0.13982966274434366	0.066905283472753	0.0395185144416859	0.12567937597744705
G1-130	0.05933034551471901	0.17333929206555318	0.013133403131966903	0.0	0.1504426589246473	0.1504426589246473	0.14472624540557452	0.010538575123461305	0.0	0.021703939090747814	0.005272269952607805	0.18701288855756448	0.12591373831535546	0.18245352492262748	0.18245352492262748	0.18245352492262748	0.06519479311671966	0.46474117473248444	0.5473358700407703	0.30948366022007234	0.1325019845138683	0.316342893664491	0.15919289847158538	0.18701288855756448	0.1430762460831204	0.1430762460831204	0.35694386091175306	0.2459464762335122	0.1680892746344495	0.19291489143282176	0.19291489143282176	0.28128487453433476	0.31121241672489575	0.23883841938778597	0.18867484535702017	0.18867484535702017	0.18867484535702017	0.18867484535702017	0.18605537640156036	0.18867484535702017	0.18605537640156036	0.18867484535702017	0.0877770877739946	0.03535377967271879	0.32453424286455307	0.15306899731295331	0.4238127271073722	0.2706683102213536	0.2958089169598255	0.3977731870373713	0.18699926565469602	0.14264681509974367	0.14264681509974367	0.18245352492262748	0.18245352492262748	0.2405522506225464	0.15267348589737784	0.23889010103819286	0.1569397643851574	0.44599894641206816	0.15053265026449672	0.19240541888861148	0.19030911201848083	0.28495553951046526	0.28495553951046526	0.3664425206613565	0.13218944375836092	0.49111116510655384	0.2218661393984211	0.1358356830618709	0.18867484535702017	0.19291489143282176	0.14873878179538824	0.19291489143282176	0.14873878179538824	0.18867484535702017	0.14873878179538824	0.18867484535702017	0.14873878179538824	0.14873878179538824	0.143654808362035	0.18345096726844615	0.17714222557103987	0.1845160079843209	0.17714222557103987	0.17916408227968672	0.17714222557103987	0.1845160079843209	0.17247533255504646	0.17685642830972756	0.0	0.027013319823397376	0.03708729401317377	0.23425985790791531	0.24464975144226989	0.17071682701207283	0.15994647330336387	0.17333929206555318	0.13459123674776824	0.11899469712846854	0.07988988683677356	0.05434459493708464	0.12836400314776375	0.05434459493708464	0.027013319823397376	0.11374467969736488
G1-131	0.2089798301291275	0.3237819509902005	0.16199061079376356	0.1504426589246473	0.0	0.0	0.27339590315522616	0.15939578278525796	0.1504426589246473	0.16965816136883663	0.1549217545670163	0.3349671108356533	0.2751748845408491	0.33171467114812114	0.33171467114812114	0.33171467114812114	0.20657160474223318	0.5481908460380354	0.5005163635435952	0.4194210175415569	0.27061665872211776	0.2040782579950857	0.29305810257179693	0.3349671108356533	0.2878325797656735	0.2878325797656735	0.4655724858284826	0.37370451065409227	0.3185319335590968	0.34125316536040007	0.34125316536040007	0.41338118014761777	0.42151459806632136	0.36002323116764967	0.3377924189019268	0.3377924189019268	0.3377924189019268	0.3377924189019268	0.335172949946467	0.3377924189019268	0.335172949946467	0.3377924189019268	0.23290103008164195	0.18047772198036616	0.20615852891739597	0.29745471974929466	0.3526974923980061	0.14285256446398356	0.41406766024000974	0.3144458195334552	0.3349559678526398	0.28790673930241983	0.28790673930241983	0.33171467114812114	0.33171467114812114	0.3692242197169356	0.29669532542808186	0.10968392188179572	0.30023645574035435	0.5468207108302215	0.2949183727008381	0.3403596411667003	0.33864738594605914	0.1587246506476946	0.1587246506476946	0.27939076305216	0.28130701730326757	0.43201435702096963	0.08843199721355659	0.28095962536951824	0.3377924189019268	0.34125316536040007	0.2938627241030356	0.34125316536040007	0.2938627241030356	0.3377924189019268	0.2938627241030356	0.3377924189019268	0.2938627241030356	0.2938627241030356	0.28877875066968234	0.3325685408133528	0.31769267268153983	0.32506645509482085	0.31769267268153983	0.3193691806881089	0.31769267268153983	0.32506645509482085	0.32212481716945496	0.3257136359715242	0.1504426589246473	0.1733920230874309	0.18271498975525646	0.3646314772745068	0.37224772339063217	0.3211594859367201	0.28699335785710756	0.3237819509902005	0.2723732803488315	0.26943735605311586	0.2262685901008071	0.20478725386173197	0.27474270641179727	0.20478725386173197	0.1733920230874309	0.26418733862201216
G1-132	0.2089798301291275	0.3237819509902005	0.16199061079376356	0.1504426589246473	0.0	0.0	0.27339590315522616	0.15939578278525796	0.1504426589246473	0.16965816136883663	0.1549217545670163	0.3349671108356533	0.2751748845408491	0.33171467114812114	0.33171467114812114	0.33171467114812114	0.20657160474223318	0.5481908460380354	0.5005163635435952	0.4194210175415569	0.27061665872211776	0.2040782579950857	0.29305810257179693	0.3349671108356533	0.2878325797656735	0.2878325797656735	0.4655724858284826	0.37370451065409227	0.3185319335590968	0.34125316536040007	0.34125316536040007	0.41338118014761777	0.42151459806632136	0.36002323116764967	0.3377924189019268	0.3377924189019268	0.3377924189019268	0.3377924189019268	0.335172949946467	0.3377924189019268	0.335172949946467	0.3377924189019268	0.23290103008164195	0.18047772198036616	0.20615852891739597	0.29745471974929466	0.3526974923980061	0.14285256446398356	0.41406766024000974	0.3144458195334552	0.3349559678526398	0.28790673930241983	0.28790673930241983	0.33171467114812114	0.33171467114812114	0.3692242197169356	0.29669532542808186	0.10968392188179572	0.30023645574035435	0.5468207108302215	0.2949183727008381	0.3403596411667003	0.33864738594605914	0.1587246506476946	0.1587246506476946	0.27939076305216	0.28130701730326757	0.43201435702096963	0.08843199721355659	0.28095962536951824	0.3377924189019268	0.34125316536040007	0.2938627241030356	0.34125316536040007	0.2938627241030356	0.3377924189019268	0.2938627241030356	0.3377924189019268	0.2938627241030356	0.2938627241030356	0.28877875066968234	0.3325685408133528	0.31769267268153983	0.32506645509482085	0.31769267268153983	0.3193691806881089	0.31769267268153983	0.32506645509482085	0.32212481716945496	0.3257136359715242	0.1504426589246473	0.1733920230874309	0.18271498975525646	0.3646314772745068	0.37224772339063217	0.3211594859367201	0.28699335785710756	0.3237819509902005	0.2723732803488315	0.26943735605311586	0.2262685901008071	0.20478725386173197	0.27474270641179727	0.20478725386173197	0.1733920230874309	0.26418733862201216
G1-135	0.18667261713542047	0.2929787925492199	0.14634257172397674	0.14472624540557452	0.27339590315522616	0.27339590315522616	0.0	0.14410986358280242	0.14472624540557452	0.15302741630730948	0.14019311138166687	0.2953872769785564	0.2515662775767021	0.2999782991475966	0.2999782991475966	0.2999782991475966	0.19345143269076007	0.3780185948253732	0.574927610155195	0.364844370323841	0.22173511726033052	0.38459636291136823	0.24286388914393325	0.2953872769785564	0.23472751262824929	0.23472751262824929	0.2448181595155548	0.1149508383012872	0.2884885904292337	0.30071027260614713	0.30071027260614713	0.36764390749876663	0.3608281218934139	0.11458492001155328	0.3052092141556803	0.3052092141556803	0.3052092141556803	0.3052092141556803	0.3029659915911592	0.3052092141556803	0.3029659915911592	0.3052092141556803	0.18661442472274076	0.14081069006312155	0.421554500651983	0.23541116365724324	0.46786527495734176	0.3754255800124218	0.35635925910428173	0.27213757613654715	0.30299492382658266	0.2346309011916537	0.2346309011916537	0.2999782991475966	0.2999782991475966	0.10866220593939133	0.23488142158301287	0.3186461604880083	0.23826766061443175	0.4976325816070879	0.23318375469767447	0.30003118687617164	0.298467050041626	0.384573890992006	0.384573890992006	0.42057086777958513	0.256837070951598	0.5444269537297779	0.30438991261548837	0.22860458571043207	0.3052092141556803	0.30071027260614713	0.23987838990331384	0.30071027260614713	0.23987838990331384	0.3052092141556803	0.23987838990331384	0.3052092141556803	0.23987838990331384	0.23987838990331384	0.23543637777947007	0.30073566573733695	0.2894696976942486	0.29583689262156315	0.2894696976942486	0.28734277429557314	0.2894696976942486	0.29583689262156315	0.28395545640532605	0.28721731564297687	0.14472624540557452	0.1343271324559832	0.13428450548448856	0.32548056109230217	0.3152105780062222	0.29073586701663706	0.1229953015813424	0.2929787925492199	0.22338331579290635	0.24649928679546632	0.18047650823200498	0.1912057511593281	0.22278353259840464	0.1912057511593281	0.1343271324559832	0.2420090846754801
G1-136	0.05906609805662538	0.18205111803773405	0.002594828008505597	0.010538575123461305	0.15939578278525796	0.15939578278525796	0.14410986358280242	0.0	0.010538575123461305	0.021639627007962705	0.005294217715839285	0.186083257258869	0.1350537743505648	0.19100234277987632	0.19100234277987632	0.19100234277987632	0.07445852750889022	0.4678848833684631	0.5503200234400444	0.31481656922118545	0.14090227721334025	0.32310228635558047	0.16708657983755068	0.186083257258869	0.15176912596513725	0.15176912596513725	0.3618515610673938	0.2527056243402797	0.17685642830972756	0.19195188556399112	0.19195188556399112	0.28001358783313873	0.31003310936678574	0.24531322833220442	0.197150533697443	0.197150533697443	0.197150533697443	0.197150533697443	0.1945584296059429	0.197150533697443	0.1945584296059429	0.197150533697443	0.0970541993052546	0.045164025013242994	0.33159064584841846	0.15233509085284727	0.42825971736487134	0.2782874356286978	0.3016556719814596	0.4029112191807967	0.19542702472136197	0.1513739999406019	0.1513739999406019	0.19100234277987632	0.19100234277987632	0.24740801000232063	0.15194343519447848	0.24663042560752943	0.15619173819849286	0.4444390469393279	0.1498117018761508	0.19144756007934938	0.189359781472491	0.2924714820950293	0.2924714820950293	0.3718150313400566	0.1412552193862222	0.4948322902585792	0.22984731301403288	0.14462404897783676	0.197150533697443	0.19195188556399112	0.15739592596232171	0.19195188556399112	0.15739592596232171	0.197150533697443	0.15739592596232171	0.197150533697443	0.15739592596232171	0.15739592596232171	0.15236365544930852	0.191981228011011	0.18524938948324696	0.19255052208445214	0.18524938948324696	0.18723164996426786	0.18524938948324696	0.19255052208445214	0.17161207090210553	0.16631785318626624	0.010538575123461305	0.0369930624015749	0.03694472264942121	0.23322213042455847	0.25141211620603143	0.17945629002922844	0.16743496265617921	0.18205111803773405	0.14295131118749715	0.12827923769694796	0.08932728434696366	0.0643104554642474	0.13730421070423265	0.0643104554642474	0.0369930624015749	0.12308454796894146
G1-138	0.05933034551471901	0.17333929206555318	0.013133403131966903	0.0	0.1504426589246473	0.1504426589246473	0.14472624540557452	0.010538575123461305	0.0	0.021703939090747814	0.005272269952607805	0.18701288855756448	0.12591373831535546	0.18245352492262748	0.18245352492262748	0.18245352492262748	0.06519479311671966	0.46474117473248444	0.5473358700407703	0.30948366022007234	0.1325019845138683	0.316342893664491	0.15919289847158538	0.18701288855756448	0.1430762460831204	0.1430762460831204	0.35694386091175306	0.2459464762335122	0.1680892746344495	0.19291489143282176	0.19291489143282176	0.28128487453433476	0.31121241672489575	0.23883841938778597	0.18867484535702017	0.18867484535702017	0.18867484535702017	0.18867484535702017	0.18605537640156036	0.18867484535702017	0.18605537640156036	0.18867484535702017	0.0877770877739946	0.03535377967271879	0.32453424286455307	0.15306899731295331	0.4238127271073722	0.2706683102213536	0.2958089169598255	0.3977731870373713	0.18699926565469602	0.14264681509974367	0.14264681509974367	0.18245352492262748	0.18245352492262748	0.2405522506225464	0.15267348589737784	0.23889010103819286	0.1569397643851574	0.44599894641206816	0.15053265026449672	0.19240541888861148	0.19030911201848083	0.28495553951046526	0.28495553951046526	0.3664425206613565	0.13218944375836092	0.49111116510655384	0.2218661393984211	0.1358356830618709	0.18867484535702017	0.19291489143282176	0.14873878179538824	0.19291489143282176	0.14873878179538824	0.18867484535702017	0.14873878179538824	0.18867484535702017	0.14873878179538824	0.14873878179538824	0.143654808362035	0.18345096726844615	0.17714222557103987	0.1845160079843209	0.17714222557103987	0.17916408227968672	0.17714222557103987	0.1845160079843209	0.17247533255504646	0.17685642830972756	0.0	0.027013319823397376	0.03708729401317377	0.23425985790791531	0.24464975144226989	0.17071682701207283	0.15994647330336387	0.17333929206555318	0.13459123674776824	0.11899469712846854	0.07988988683677356	0.05434459493708464	0.12836400314776375	0.05434459493708464	0.027013319823397376	0.11374467969736488
G1-139	0.06993708834456845	0.18279351298360771	0.01912310960036674	0.021703939090747814	0.16965816136883663	0.16965816136883663	0.15302741630730948	0.021639627007962705	0.021703939090747814	0.0	0.016491394573884714	0.16616689811274402	0.13583273000223212	0.19173091211585333	0.19173091211585333	0.19173091211585333	0.07524849882489351	0.468154151855566	0.5505754247878117	0.31527242696365015	0.14161879575582195	0.3236787125497948	0.16776010380918324	0.16616689811274402	0.13203479984833885	0.13203479984833885	0.34865024296725394	0.2532826131072827	0.18701288855756448	0.1768024043080093	0.1768024043080093	0.26714421610780187	0.2994668071144581	0.23333719218290572	0.18204200177950375	0.18204200177950375	0.18204200177950375	0.18204200177950375	0.1794294798901532	0.18204200177950375	0.1794294798901532	0.18204200177950375	0.09122373163881399	0.039198537539378714	0.32622791650012295	0.13728656965425684	0.41846272373460053	0.27278222272943925	0.30907052415856423	0.41003167387971523	0.1804223317687354	0.1521179968500776	0.1521179968500776	0.19173091211585333	0.19173091211585333	0.24799320517816878	0.13221088693622385	0.23230482027441715	0.13660215349862262	0.4327315551872963	0.13474383509773108	0.17158741551956982	0.17418988241865876	0.29311198680857814	0.29311198680857814	0.36068429206048347	0.1257064045212614	0.5005516697465333	0.23942092568892678	0.1389173595031174	0.18204200177950375	0.1768024043080093	0.14238620369267857	0.1768024043080093	0.14238620369267857	0.18204200177950375	0.14238620369267857	0.18204200177950375	0.14238620369267857	0.14238620369267857	0.14201256081864264	0.18155539140360202	0.17982362144894118	0.17827368038717978	0.17982362144894118	0.18182410019421238	0.17982362144894118	0.17827368038717978	0.1818003440407014	0.186083257258869	0.021703939090747814	0.047705458293919326	0.037795471059753054	0.237812006215993	0.2519893865964697	0.1849066133569746	0.1680742456211518	0.18279351298360771	0.14366441728784854	0.1290704376147159	0.0997306523933546	0.07514963286143155	0.14742428025765802	0.07514963286143155	0.047705458293919326	0.13356719478688076
G1-14	0.05405807556211121	0.17769767047699744	0.007889045724344882	0.005272269952607805	0.1549217545670163	0.1549217545670163	0.14019311138166687	0.005294217715839285	0.005272269952607805	0.016491394573884714	0.0	0.1818003440407014	0.13048615381305004	0.18673017625166763	0.18673017625166763	0.18673017625166763	0.06982781068777377	0.4663102217656694	0.548825821830717	0.3121478356262957	0.1367026937596281	0.3197233906646705	0.16313968006530272	0.1818003440407014	0.14742428025765802	0.14742428025765802	0.35939550080795285	0.2493252757871528	0.17247533255504646	0.18768881647195432	0.18768881647195432	0.27663101699028847	0.30732638345260005	0.24207433523993138	0.19291489143282176	0.19291489143282176	0.19291489143282176	0.19291489143282176	0.19030911201848083	0.19291489143282176	0.19030911201848083	0.19291489143282176	0.0924174046655953	0.040260764676724535	0.32806427754484196	0.1479821738738474	0.4260343160215526	0.27447985230347294	0.2987306499942211	0.4003410545242713	0.1912151632838038	0.147012085041029	0.147012085041029	0.18673017625166763	0.18673017625166763	0.2439794546426155	0.14759948234144496	0.2427617327119673	0.15189130837418777	0.44244691574199696	0.1454458268253908	0.1871928743717484	0.1850830370576134	0.28871558572448935	0.28871558572448935	0.3691275048118181	0.1367246867771118	0.4929697523353376	0.2258584167541122	0.14023153436451072	0.19291489143282176	0.18768881647195432	0.15306899731295331	0.18768881647195432	0.15306899731295331	0.19291489143282176	0.15306899731295331	0.19291489143282176	0.15306899731295331	0.15306899731295331	0.14801088515482466	0.18771831372272504	0.1811966968754283	0.1885341464130551	0.1811966968754283	0.1831987022998634	0.1811966968754283	0.1885341464130551	0.16720306260243867	0.17161207090210553	0.005272269952607805	0.03200530499116149	0.03195671487013962	0.22966676242729697	0.2480301399698855	0.17508903176722032	0.16368976649507477	0.17769767047699744	0.13877178542664717	0.12363959491488626	0.08461058459266362	0.05933034551471901	0.1328360006135316	0.05933034551471901	0.03200530499116149	0.11841725699293526
G1-140	0.1356019928548314	0.019939979395435212	0.18398971885672494	0.18701288855756448	0.3349671108356533	0.3349671108356533	0.2953872769785564	0.186083257258869	0.18701288855756448	0.16616689811274402	0.1818003440407014	0.0	0.08730905454452405	0.03215598140662196	0.03215598140662196	0.03215598140662196	0.2315096818090069	0.5478679947064597	0.561889244870186	0.3785388455998899	0.21345922899394698	0.31698062437553143	0.2385119715379356	0.0	0.10371216957846767	0.10371216957846767	0.3455875238016647	0.2405110425544305	0.02600236228348655	0.012754958002019146	0.012754958002019146	0.13991037163845968	0.36303550973236326	0.30038454088269456	0.01903870646395402	0.01903870646395402	0.01903870646395402	0.01903870646395402	0.015905559214897246	0.01903870646395402	0.015905559214897246	0.01903870646395402	0.15621580742108207	0.20011384381803554	0.1927886574685503	0.10954891256209903	0.48599872372237585	0.24136447701194008	0.3022798831848395	0.41217965469794526	0.018614770921396143	0.12625130087574485	0.12625130087574485	0.03215598140662196	0.03215598140662196	0.2346106461629905	0.10390787028750534	0.3131758147984798	0.10894459755896894	0.3604310413152354	0.10672295319401806	0.006500722260314786	0.00962181075296237	0.2641710760147636	0.2641710760147636	0.4328069678335521	0.07547201953276364	0.49872438624959275	0.3202215013589385	0.11151518470405383	0.01903870646395402	0.012754958002019146	0.11521657399678424	0.012754958002019146	0.11521657399678424	0.01903870646395402	0.11521657399678424	0.01903870646395402	0.11521657399678424	0.11521657399678424	0.11487755413444639	0.018961625400325356	0.13944697372737533	0.13749229234448013	0.13944697372737533	0.14179277485440797	0.13944697372737533	0.13749229234448013	0.01975748339861839	0.025898464533830066	0.18701288855756448	0.20862076457257617	0.1995236141632754	0.20697580001802457	0.2391111902573126	0.022977633118087506	0.3086500677409302	0.019939979395435212	0.21542227591867294	0.07926223944183387	0.16518959100856795	0.14110885546436064	0.1209643667619264	0.14110885546436064	0.20862076457257617	0.08461493496740166
G1-141	0.18412190107722606	0.07004034513591047	0.13282108137265244	0.12591373831535546	0.2751748845408491	0.2751748845408491	0.2515662775767021	0.1350537743505648	0.12591373831535546	0.13583273000223212	0.13048615381305004	0.08730905454452405	0.0	0.0641084394399656	0.0641084394399656	0.0641084394399656	0.17415390236131484	0.5242109900792528	0.5746689475361995	0.33322116263310714	0.15459054187872343	0.3474261600479432	0.18174102782771775	0.08730905454452405	0.1667800669722798	0.1667800669722798	0.3820617194147125	0.258849352893666	0.07550049096818681	0.09364633601216876	0.09364633601216876	0.20361065491609054	0.3350934203943916	0.2623110236316451	0.0882956678996455	0.0882956678996455	0.0882956678996455	0.0882956678996455	0.08535211169307624	0.0882956678996455	0.08535211169307624	0.0882956678996455	0.2086078563022113	0.15658181336482535	0.25119026949453777	0.177182912050723	0.45161119138249733	0.19101180849537397	0.32805148717493104	0.43451686956771607	0.07042800706670874	0.15161535911476975	0.15161535911476975	0.0641084394399656	0.0641084394399656	0.2532853618211452	0.17670506449262233	0.26722296850012456	0.17140535998903283	0.39222633778985955	0.17452633989149613	0.09336291881933673	0.09072005513464794	0.19586831298104823	0.19586831298104823	0.39486001198073506	0.024821751131235425	0.45484113803523585	0.2589583775003502	0.1689724929603217	0.0882956678996455	0.09364633601216876	0.17277550676833242	0.09364633601216876	0.17277550676833242	0.0882956678996455	0.17277550676833242	0.0882956678996455	0.17277550676833242	0.17277550676833242	0.17230261135352368	0.08802113925477781	0.09230277406660325	0.09009004223033856	0.09230277406660325	0.09477713024335643	0.09230277406660325	0.09009004223033856	0.08094818615746323	0.08638293941110366	0.12591373831535546	0.14934524268562988	0.14938646972070246	0.15733271445013894	0.2696583867664626	0.07277581084155042	0.2576734909195945	0.07004034513591047	0.15671849432911417	0.008904887424731096	0.20181767170152484	0.17983153390239212	0.16148191077096713	0.17983153390239212	0.14934524268562988	0.014723982715599583
G1-142	0.14063763355677456	0.012651312962102845	0.18891407031291835	0.18245352492262748	0.33171467114812114	0.33171467114812114	0.2999782991475966	0.19100234277987632	0.18245352492262748	0.19173091211585333	0.18673017625166763	0.03215598140662196	0.0641084394399656	0.0	0.0	0.0	0.22757330062636352	0.5427902739154955	0.5610526093492332	0.3763513831062101	0.20927538530118145	0.313417933433109	0.2346696570764382	0.03215598140662196	0.12131300077501558	0.12131300077501558	0.3579552896726552	0.21920962954607276	0.018823537844250397	0.032602182230456654	0.032602182230456654	0.1568624257265949	0.3783718927573804	0.3100280272441004	0.026504068146810333	0.026504068146810333	0.026504068146810333	0.026504068146810333	0.02955423589250788	0.026504068146810333	0.02955423589250788	0.026504068146810333	0.16784407247610064	0.21113785249205927	0.20635646660874915	0.12718317853866987	0.4947116011996903	0.2541167130301731	0.2992445840721069	0.40991001604494703	0.013668565935900519	0.09927013874711077	0.09927013874711077	0.0	0.0	0.21303207272227065	0.13206544907171852	0.3248153005571773	0.1264603524142979	0.3691857810078264	0.12963586711302855	0.03859626401914962	0.03561431543073415	0.2597871697658284	0.2597871697658284	0.44242075915599954	0.0882956678996455	0.4973661072521561	0.3167631283424837	0.12375867406728287	0.026504068146810333	0.032602182230456654	0.12222223845302248	0.032602182230456654	0.12222223845302248	0.026504068146810333	0.12222223845302248	0.026504068146810333	0.12222223845302248	0.12222223845302248	0.1271553351380992	0.032567977374316465	0.15138438118473613	0.14438302151823357	0.15138438118473613	0.15369768262282912	0.15138438118473613	0.14438302151823357	0.024976988499987692	0.031111148157472582	0.18245352492262748	0.20436937538658226	0.20440793567368312	0.21184018195579749	0.23527687539830883	0.015744111318048846	0.30569047077171546	0.012651312962102845	0.21126569232373577	0.07301332686469669	0.16030873509350937	0.13586105809414967	0.11539977399648312	0.13586105809414967	0.20436937538658226	0.07845601719370365
G1-143	0.14063763355677456	0.012651312962102845	0.18891407031291835	0.18245352492262748	0.33171467114812114	0.33171467114812114	0.2999782991475966	0.19100234277987632	0.18245352492262748	0.19173091211585333	0.18673017625166763	0.03215598140662196	0.0641084394399656	0.0	0.0	0.0	0.22757330062636352	0.5427902739154955	0.5610526093492332	0.3763513831062101	0.20927538530118145	0.313417933433109	0.2346696570764382	0.03215598140662196	0.12131300077501558	0.12131300077501558	0.3579552896726552	0.21920962954607276	0.018823537844250397	0.032602182230456654	0.032602182230456654	0.1568624257265949	0.3783718927573804	0.3100280272441004	0.026504068146810333	0.026504068146810333	0.026504068146810333	0.026504068146810333	0.02955423589250788	0.026504068146810333	0.02955423589250788	0.026504068146810333	0.16784407247610064	0.21113785249205927	0.20635646660874915	0.12718317853866987	0.4947116011996903	0.2541167130301731	0.2992445840721069	0.40991001604494703	0.013668565935900519	0.09927013874711077	0.09927013874711077	0.0	0.0	0.21303207272227065	0.13206544907171852	0.3248153005571773	0.1264603524142979	0.3691857810078264	0.12963586711302855	0.03859626401914962	0.03561431543073415	0.2597871697658284	0.2597871697658284	0.44242075915599954	0.0882956678996455	0.4973661072521561	0.3167631283424837	0.12375867406728287	0.026504068146810333	0.032602182230456654	0.12222223845302248	0.032602182230456654	0.12222223845302248	0.026504068146810333	0.12222223845302248	0.026504068146810333	0.12222223845302248	0.12222223845302248	0.1271553351380992	0.032567977374316465	0.15138438118473613	0.14438302151823357	0.15138438118473613	0.15369768262282912	0.15138438118473613	0.14438302151823357	0.024976988499987692	0.031111148157472582	0.18245352492262748	0.20436937538658226	0.20440793567368312	0.21184018195579749	0.23527687539830883	0.015744111318048846	0.30569047077171546	0.012651312962102845	0.21126569232373577	0.07301332686469669	0.16030873509350937	0.13586105809414967	0.11539977399648312	0.13586105809414967	0.20436937538658226	0.07845601719370365
G1-144	0.14063763355677456	0.012651312962102845	0.18891407031291835	0.18245352492262748	0.33171467114812114	0.33171467114812114	0.2999782991475966	0.19100234277987632	0.18245352492262748	0.19173091211585333	0.18673017625166763	0.03215598140662196	0.0641084394399656	0.0	0.0	0.0	0.22757330062636352	0.5427902739154955	0.5610526093492332	0.3763513831062101	0.20927538530118145	0.313417933433109	0.2346696570764382	0.03215598140662196	0.12131300077501558	0.12131300077501558	0.3579552896726552	0.21920962954607276	0.018823537844250397	0.032602182230456654	0.032602182230456654	0.1568624257265949	0.3783718927573804	0.3100280272441004	0.026504068146810333	0.026504068146810333	0.026504068146810333	0.026504068146810333	0.02955423589250788	0.026504068146810333	0.02955423589250788	0.026504068146810333	0.16784407247610064	0.21113785249205927	0.20635646660874915	0.12718317853866987	0.4947116011996903	0.2541167130301731	0.2992445840721069	0.40991001604494703	0.013668565935900519	0.09927013874711077	0.09927013874711077	0.0	0.0	0.21303207272227065	0.13206544907171852	0.3248153005571773	0.1264603524142979	0.3691857810078264	0.12963586711302855	0.03859626401914962	0.03561431543073415	0.2597871697658284	0.2597871697658284	0.44242075915599954	0.0882956678996455	0.4973661072521561	0.3167631283424837	0.12375867406728287	0.026504068146810333	0.032602182230456654	0.12222223845302248	0.032602182230456654	0.12222223845302248	0.026504068146810333	0.12222223845302248	0.026504068146810333	0.12222223845302248	0.12222223845302248	0.1271553351380992	0.032567977374316465	0.15138438118473613	0.14438302151823357	0.15138438118473613	0.15369768262282912	0.15138438118473613	0.14438302151823357	0.024976988499987692	0.031111148157472582	0.18245352492262748	0.20436937538658226	0.20440793567368312	0.21184018195579749	0.23527687539830883	0.015744111318048846	0.30569047077171546	0.012651312962102845	0.21126569232373577	0.07301332686469669	0.16030873509350937	0.13586105809414967	0.11539977399648312	0.13586105809414967	0.20436937538658226	0.07845601719370365
G1-15	0.1206444296731509	0.21930313366705495	0.0721946729883865	0.06519479311671966	0.20657160474223318	0.20657160474223318	0.19345143269076007	0.07445852750889022	0.06519479311671966	0.07524849882489351	0.06982781068777377	0.2315096818090069	0.17415390236131484	0.22757330062636352	0.22757330062636352	0.22757330062636352	0.0	0.481668757014154	0.5633535062779589	0.33796680527466183	0.07381743664032901	0.3521063285196894	0.201048263345331	0.2315096818090069	0.18901841714736398	0.18901841714736398	0.3831664302524521	0.2818522986693919	0.22315481513525157	0.23719701965151507	0.23719701965151507	0.31661297472888944	0.33971463459329176	0.2733023518066467	0.23341057593954215	0.23341057593954215	0.23341057593954215	0.23341057593954215	0.23093554211812214	0.23341057593954215	0.23093554211812214	0.23341057593954215	0.1456878324861699	0.09631843360354765	0.3697942776249504	0.19836538753985475	0.4475646986219017	0.3191474858694576	0.3335306540148356	0.4314698171968934	0.23149750302181485	0.18876330890073126	0.18876330890073126	0.22757330062636352	0.22757330062636352	0.276961222821361	0.19788291953609524	0.27979346333751975	0.2017071127411698	0.4670280897308617	0.1959646918789294	0.23660706565619097	0.23473421085689025	0.32461456600031474	0.32461456600031474	0.39504248415156523	0.1800397279736679	0.5161983055293812	0.2723732803488315	0.1909467840182258	0.23341057593954215	0.23719701965151507	0.19448703190629224	0.23719701965151507	0.19448703190629224	0.23341057593954215	0.19448703190629224	0.23341057593954215	0.19448703190629224	0.19448703190629224	0.19400784659947262	0.23282341362515366	0.12674026086790344	0.12492161252535938	0.12674026086790344	0.12888071537923912	0.12674026086790344	0.12492161252535938	0.22700496205887322	0.23085319700500748	0.06519479311671966	0.08896395177970338	0.0890058323147642	0.2751614452892877	0.2805744010891776	0.2212318707031506	0.19973525025674196	0.21930313366705495	0.07139743536115502	0.16798019722856683	0.13873513638003615	0.11626452038824636	0.184362421348101	0.11626452038824636	0.08896395177970338	0.17208508786372487
G1-175	0.48281058694135137	0.5435991966751346	0.46711426522955674	0.46474117473248444	0.5481908460380354	0.5481908460380354	0.3780185948253732	0.4678848833684631	0.46474117473248444	0.468154151855566	0.4663102217656694	0.5478679947064597	0.5242109900792528	0.5427902739154955	0.5427902739154955	0.5427902739154955	0.481668757014154	0.0	0.5966428986555675	0.45135981622136695	0.49280007887612964	0.5831038754873652	0.5020616555016406	0.5478679947064597	0.4953921141128827	0.4953921141128827	0.47582995993393223	0.41186777132587526	0.5449403243601122	0.547294467118502	0.547294467118502	0.5767766599034435	0.5432054098041672	0.41969381109594217	0.5459500890660735	0.5459500890660735	0.5459500890660735	0.5459500890660735	0.5444693871940716	0.5459500890660735	0.5444693871940716	0.5459500890660735	0.4683810128932485	0.4520419791423248	0.6309799510080427	0.49607474806902413	0.5719631356659022	0.613190990967609	0.5401197247731615	0.5168265573458074	0.5435823407996522	0.4913961832069386	0.4913961832069386	0.5427902739154955	0.5427902739154955	0.41655606044352855	0.4953406004854778	0.5599746948347241	0.4923919829392488	0.6270810596788516	0.4945984303474229	0.5464851046004549	0.5458181493969009	0.6077494813798213	0.6077494813798213	0.5243160691483589	0.5273504380347395	0.676385735783939	0.560425525795562	0.4961277103748722	0.5459500890660735	0.547294467118502	0.49457826525723153	0.547294467118502	0.49457826525723153	0.5459500890660735	0.49457826525723153	0.5459500890660735	0.49457826525723153	0.49457826525723153	0.49384272258002027	0.5451390285296072	0.5442415156352575	0.5443757511255833	0.5442415156352575	0.5448839803289119	0.5442415156352575	0.5443757511255833	0.5462863033668316	0.5476370269991119	0.46474117473248444	0.4493410326191956	0.4493563646361351	0.4461991296863246	0.40955055355462516	0.54427009740555	0.4250526102201734	0.5435991966751346	0.49351651447091555	0.5264556601320233	0.4657369090954286	0.4812763019999	0.49362160982743913	0.4812763019999	0.4493410326191956	0.5278346944007299
G1-176	0.5330673792984214	0.5569622477270987	0.5495889166578242	0.5473358700407703	0.5005163635435952	0.5005163635435952	0.574927610155195	0.5503200234400444	0.5473358700407703	0.5505754247878117	0.548825821830717	0.561889244870186	0.5746689475361995	0.5610526093492332	0.5610526093492332	0.5610526093492332	0.5633535062779589	0.5966428986555675	0.0	0.5094502691751727	0.5319115737592777	0.4506293161996423	0.541744996596521	0.561889244870186	0.4995097797724011	0.4995097797724011	0.5928818463556622	0.5431778882636001	0.5585120584442721	0.5612823828954924	0.5612823828954924	0.5948671468607782	0.583789913605989	0.5723015278792621	0.5597311018278963	0.5597311018278963	0.5597311018278963	0.5597311018278963	0.5579680404489276	0.5597311018278963	0.5579680404489276	0.5597311018278963	0.5163384322188572	0.5326251879613473	0.5125339255258677	0.5003298358382959	0.5483758010504189	0.5312742828603755	0.5511280543491328	0.5165912730600283	0.5618843065560571	0.5000681390631878	0.5000681390631878	0.5610526093492332	0.5610526093492332	0.5482613171997007	0.49944899466449805	0.46232986771373386	0.5011987625729116	0.6530538002203539	0.4985729865804867	0.5602950557874823	0.5595255336376831	0.522789818069888	0.522789818069888	0.5131819480132613	0.5734332345706183	0.21086082531449873	0.46303685914020537	0.5003775127520574	0.5597311018278963	0.5612823828954924	0.49856302995796126	0.5612823828954924	0.49856302995796126	0.5597311018278963	0.49856302995796126	0.5597311018278963	0.49856302995796126	0.49856302995796126	0.4976804970969561	0.5587415335370279	0.5910077815329919	0.5913146503776787	0.5910077815329919	0.5916723121553763	0.5910077815329919	0.5913146503776787	0.5600657270504844	0.5616231146284532	0.5473358700407703	0.5300374821342023	0.5300521801668919	0.5103162000372032	0.4313333391467035	0.55773775993578	0.5704844010982396	0.5569622477270987	0.5326742140687406	0.5724966637843151	0.5135667000928564	0.531471344809371	0.49741926740215675	0.531471344809371	0.5300374821342023	0.5739398736159942
