	G1-11	G1-12	G1-13	G1-130	G1-131	G1-132	G1-135	G1-136	G1-138	G1-139	G1-14	G1-140	G1-141	G1-142	G1-143	G1-144	G1-15	G1-175	G1-176	G1-177	G1-178	G1-180	G1-182	G1-187	G1-188	G1-189	G1-190	G1-192	G1-193	G2-1100	G2-1101	G2-1102	G2-1103	G2-1104	G2-1105	G2-1106	G2-1107	G2-1108	G2-1109	G2-1110	G2-1111	G2-1113	G2-194	G2-197	G2-198	G2-199	G2-21	G2-210	G2-211	G2-212	G2-213	G2-214	G2-215	G2-216	G2-217	G2-218	G2-219	G2-22	G2-220	G2-221	G2-222	G2-223	G2-224	G2-23	G2-24	G2-25	G2-26	G2-27	G2-28	G2-29	G2-313	G2-314	G2-315	G2-316	G2-317	G2-318	G2-319	G2-320	G2-321	G2-322	G2-323	G2-324	G2-325	G2-326	G2-327	G2-328	G2-329	G2-330	G2-413	G2-414	G2-415	G2-416	G3-417	G3-418	G3-419	G3-420	G3-421	G3-422	G3-423	G3-424	G3-425	G3-426	G3-427	G3-428	G3-429	G3-430
G1-11	0.0	0.13019325938045537	0.06075938110913678	0.21185278059942267	0.06344504021703992	0.06344504021703992	0.0831153798213528	0.20535544864952196	0.06014598951224722	0.1526681932541144	0.06315610985927328	0.14800485982162426	0.1550977195763259	0.2668500887013109	0.2527826208045165	0.2668500887013109	0.1250969497439131	0.4869201390415526	0.35554760059068546	0.3089067788240036	0.14270000918361522	0.24253863890859284	0.37657390624800996	0.14800485982162426	0.21261340599350637	0.2563755554216747	0.57733662366807	0.21998533426725428	0.13024661379691937	0.14842226523559865	0.14842226523559865	0.14842226523559865	0.3520748472873837	0.33117994435365955	0.10977465801519055	0.1508589749095273	0.1508589749095273	0.1508589749095273	0.19660704691887793	0.1508589749095273	0.1508589749095273	0.1508589749095273	0.17336909240469087	0.10076930584463398	0.2875077715762926	0.14566323075426124	0.2990512581604181	0.3379270113442419	0.45022532850921154	0.27065808330738494	0.047512015098558256	0.2668500887013109	0.3159385982280058	0.2668500887013109	0.11689236132342497	0.1708687368666852	0.1016871075951991	0.3431317312365541	0.1016871075951991	0.32378391896838815	0.14800485982162426	0.14489492776794072	0.14530528232950718	0.3318473605063904	0.3318473605063904	0.30373448593550056	0.2229958822239464	0.17774288157626145	0.24176715488987283	0.10173821803544078	0.15395570407533032	0.23250162402480476	0.15395570407533032	0.14842226523559865	0.15395570407533032	0.15395570407533032	0.10977465801519055	0.1508589749095273	0.1508589749095273	0.10977465801519055	0.19398710270284641	0.1453366287345938	0.23788414228866006	0.24277159917870428	0.23788414228866006	0.23539655578679816	0.23788414228866006	0.24523519146692355	0.0037129326503740016	0.058119050728705275	0.06344504021703992	0.18254381720255292	0.08569285048554884	0.19697908864828162	0.18712673641879177	0.13756764479955347	0.30915533361404723	0.18301841832139162	0.14744202424484973	0.24462388182089764	0.23857963716029262	0.009346568676427096	0.16332373611645262	0.03774260313458777	0.13756764479955347	0.23973405140266932
G1-12	0.13019325938045537	0.0	0.17199605128478557	0.33419269224050363	0.17950824475403024	0.17950824475403024	0.19795457895919516	0.3032754598451516	0.18301841832139162	0.029470079159332453	0.17859862318832662	0.02337339915206084	0.03985135115997186	0.16479373516275084	0.15516182824390723	0.16479373516275084	0.22533854687677046	0.5494532721908988	0.3840727585735378	0.3273380806184737	0.1563592219756825	0.3524087372835686	0.39588406482111116	0.02337339915206084	0.10700888820733127	0.16197228799159713	0.5957326847363529	0.24207365011736656	0.012756134923450404	0.023458876808346275	0.023458876808346275	0.023458876808346275	0.37101759808045054	0.3545435565516453	0.12912872525766303	0.033941473254813	0.033941473254813	0.033941473254813	0.09271886027291867	0.033941473254813	0.033941473254813	0.033941473254813	0.2758098846963318	0.21821220577741643	0.19887777578990404	0.02030846400003475	0.32724944536518713	0.26252560613901155	0.47827161338755736	0.29596130045440455	0.16290136844979566	0.16479373516275084	0.3430899679762027	0.16479373516275084	0.136474361564859	0.2864812234157323	0.12059291117952017	0.2581909148584766	0.12059291117952017	0.24683911790677873	0.02337339915206084	0.027524592198392612	0.027623097492343766	0.2437674063899325	0.2437674063899325	0.32207354894596785	0.12658494978054852	0.07362568306028984	0.2788261888215111	0.13119044076679323	0.029777252570815507	0.1320328100036329	0.029777252570815507	0.023458876808346275	0.029777252570815507	0.029777252570815507	0.12912872525766303	0.033941473254813	0.033941473254813	0.12912872525766303	0.08976012636166611	0.03381743456901075	0.14941076290781075	0.15116034723601945	0.14941076290781075	0.15304969753163036	0.14941076290781075	0.14750140159082528	0.12648032673008136	0.17418225526569558	0.17950824475403024	0.07364045215813672	0.1958837616805871	0.09873701675425312	0.20242982363223763	0.16091076995560036	0.3889488225438375	0.0680748005104987	0.24521946214511367	0.14708257027884283	0.33293916874760504	0.13211396275613446	0.26700940595569517	0.15699099950793446	0.16091076995560036	0.15171940546119592
G1-13	0.06075938110913678	0.17199605128478557	0.0	0.16265076735523953	0.007966319868766144	0.007966319868766144	0.035688390240683085	0.15854925422042712	0.011476493436127527	0.19230338426983215	0.00797408262821215	0.18808530647687974	0.20094337724238126	0.30730931108470483	0.19910892259558546	0.30730931108470483	0.06818485875141865	0.47076467154640256	0.3856357059605005	0.2617984287737351	0.0838049730943423	0.2812561915790094	0.3962865329633116	0.18808530647687974	0.2467359216372583	0.2869112756924058	0.5704535066216456	0.2564967843771407	0.17687302643781644	0.1885858440535937	0.1885858440535937	0.1885858440535937	0.3733116577894351	0.2902018819536094	0.15715538076820704	0.19729589931469435	0.19729589931469435	0.19729589931469435	0.14346638815426505	0.19729589931469435	0.19729589931469435	0.19729589931469435	0.21064765163456453	0.05405993346155913	0.33155747392428986	0.18596814625364436	0.2472473755734983	0.28911800462523923	0.4709322778401908	0.22501421746396452	0.09865621714541237	0.30730931108470483	0.34844808445237174	0.30730931108470483	0.1635383075326051	0.2153892531537662	0.14949827640061206	0.2898654379621395	0.14949827640061206	0.3487299086345928	0.18808530647687974	0.19153638451508	0.1920459211883251	0.2776766427745822	0.2776766427745822	0.2562620161306378	0.17174438671954273	0.12226416122798767	0.2872075481062037	0.15422200475302467	0.1938358221799629	0.26498212330446663	0.1938358221799629	0.1885858440535937	0.1938358221799629	0.1938358221799629	0.15715538076820704	0.19729589931469435	0.19729589931469435	0.15715538076820704	0.14084869035431571	0.19676872990216993	0.18646322907182197	0.19264473000143192	0.18646322907182197	0.1897166626270706	0.18646322907182197	0.18938331507189138	0.0572492075417754	0.0026403303804315033	0.007966319868766144	0.12721169113913927	0.03320501407546156	0.14314694598442296	0.13139965967248568	0.08359467918749024	0.26460087821973965	0.12258269602869461	0.09204113535954192	0.18890730054823562	0.2702703246808112	0.06257519703011004	0.20150150644066928	0.088017958291583	0.08359467918749024	0.27551058558047464
G1-130	0.21185278059942267	0.33419269224050363	0.16265076735523953	0.0	0.15551270652673727	0.15551270652673727	0.18258098493273944	0.2913190037810433	0.15252198303074982	0.3504799866247078	0.16450259397330275	0.3470967455561534	0.3448305598817928	0.45432144326847756	0.34545007151908275	0.45432144326847756	0.21187316893972769	0.5517594455749345	0.2918528854441258	0.38205695439949855	0.2326686342118517	0.15937210237579122	0.5009243000589706	0.3470967455561534	0.3941474710252838	0.4199936085591688	0.6431824887788825	0.3808091320374171	0.3253238253295336	0.3480095486712098	0.3480095486712098	0.3480095486712098	0.4869291530640963	0.4020534024498279	0.29801123926038203	0.3422957794959931	0.3422957794959931	0.3422957794959931	0.28813548939522154	0.3422957794959931	0.3422957794959931	0.3422957794959931	0.33569618095373144	0.1893408128757834	0.2010819110189166	0.34539864613195104	0.11339441022481835	0.1533255173062462	0.557503147665322	0.3472448018533899	0.24041607650102662	0.45432144326847756	0.47516153373931286	0.45432144326847756	0.3033589999206995	0.3578533450489367	0.2990512581604181	0.15948057221005785	0.2990512581604181	0.4760110754141538	0.3470967455561534	0.344841596872906	0.3457516754525856	0.1423510283552959	0.1423510283552959	0.3774125748171277	0.31134775218204946	0.2704225357574768	0.15274943988247494	0.2903570288413839	0.344577527370298	0.40925138064221916	0.344577527370298	0.3480095486712098	0.344577527370298	0.344577527370298	0.29801123926038203	0.3422957794959931	0.3422957794959931	0.29801123926038203	0.28550170600791064	0.3370433548400923	0.3240497971157262	0.3292442289498964	0.3240497971157262	0.32183247849004515	0.3240497971157262	0.3314373143119335	0.21461931413615193	0.16001043697480805	0.15551270652673727	0.2750029304421608	0.18515845559693547	0.29584639499899845	0.2726293600647917	0.22750953830170859	0.3783336164249218	0.27572634118563677	0.23210059830754426	0.33061132835778556	0.38608238025627606	0.21041398733254904	0.32796388136733295	0.23195585571561103	0.22750953830170859	0.40655290129223914
G1-131	0.06344504021703992	0.17950824475403024	0.007966319868766144	0.15551270652673727	0.0	0.0	0.03830115754617647	0.16081508662581884	0.0035289688181917344	0.19957950441568273	0.010645379173902384	0.19541024798476678	0.19883893985527282	0.3054538566201468	0.1969636405108476	0.3054538566201468	0.06582199294516872	0.4699877654233025	0.38424403336101265	0.2602370893874018	0.08139870073598868	0.2794733123037849	0.39517812466430513	0.19541024798476678	0.2533920872230951	0.28524295830912466	0.5699070282594275	0.25480821533236203	0.1698111188027963	0.19592853729313606	0.19592853729313606	0.19592853729313606	0.378217629388661	0.28875307346099327	0.15497820199461354	0.19516523612656736	0.19516523612656736	0.19516523612656736	0.141192842230437	0.19516523612656736	0.19516523612656736	0.19516523612656736	0.2048583960910921	0.0466746654192496	0.3253238253295336	0.19331763475387725	0.24530291630037396	0.2827664268165156	0.46765462522942103	0.21942157721682537	0.09630722175697076	0.3054538566201468	0.34694567335608156	0.3054538566201468	0.1613940217243738	0.2133444761650943	0.1567437036027035	0.28798048736993626	0.1567437036027035	0.35427474741203885	0.19541024798476678	0.19885239063680857	0.19937963244142873	0.27572634118563677	0.27572634118563677	0.25467714409020925	0.16962516211425793	0.11490985001249418	0.28091297574884067	0.14734983348950034	0.1916959747121334	0.2714554247060086	0.1916959747121334	0.19592853729313606	0.1916959747121334	0.1916959747121334	0.15497820199461354	0.19516523612656736	0.19516523612656736	0.15497820199461354	0.1385681961262056	0.1899310335048575	0.17996797997787678	0.1906250707755213	0.17996797997787678	0.18323755357931398	0.17996797997787678	0.18735549717408406	0.05993486664967853	0.00532598948833464	0.0	0.1199033375878739	0.040869826396736024	0.1457528962178737	0.12923719180345578	0.07623960482584556	0.2631299425755269	0.1202136346588995	0.08979785432936788	0.186883273666652	0.2651683960935289	0.054901280805811754	0.19560318346284014	0.080685922239748	0.07623960482584556	0.26976347850647026
G1-132	0.06344504021703992	0.17950824475403024	0.007966319868766144	0.15551270652673727	0.0	0.0	0.03830115754617647	0.16081508662581884	0.0035289688181917344	0.19957950441568273	0.010645379173902384	0.19541024798476678	0.19883893985527282	0.3054538566201468	0.1969636405108476	0.3054538566201468	0.06582199294516872	0.4699877654233025	0.38424403336101265	0.2602370893874018	0.08139870073598868	0.2794733123037849	0.39517812466430513	0.19541024798476678	0.2533920872230951	0.28524295830912466	0.5699070282594275	0.25480821533236203	0.1698111188027963	0.19592853729313606	0.19592853729313606	0.19592853729313606	0.378217629388661	0.28875307346099327	0.15497820199461354	0.19516523612656736	0.19516523612656736	0.19516523612656736	0.141192842230437	0.19516523612656736	0.19516523612656736	0.19516523612656736	0.2048583960910921	0.0466746654192496	0.3253238253295336	0.19331763475387725	0.24530291630037396	0.2827664268165156	0.46765462522942103	0.21942157721682537	0.09630722175697076	0.3054538566201468	0.34694567335608156	0.3054538566201468	0.1613940217243738	0.2133444761650943	0.1567437036027035	0.28798048736993626	0.1567437036027035	0.35427474741203885	0.19541024798476678	0.19885239063680857	0.19937963244142873	0.27572634118563677	0.27572634118563677	0.25467714409020925	0.16962516211425793	0.11490985001249418	0.28091297574884067	0.14734983348950034	0.1916959747121334	0.2714554247060086	0.1916959747121334	0.19592853729313606	0.1916959747121334	0.1916959747121334	0.15497820199461354	0.19516523612656736	0.19516523612656736	0.15497820199461354	0.1385681961262056	0.1899310335048575	0.17996797997787678	0.1906250707755213	0.17996797997787678	0.18323755357931398	0.17996797997787678	0.18735549717408406	0.05993486664967853	0.00532598948833464	0.0	0.1199033375878739	0.040869826396736024	0.1457528962178737	0.12923719180345578	0.07623960482584556	0.2631299425755269	0.1202136346588995	0.08979785432936788	0.186883273666652	0.2651683960935289	0.054901280805811754	0.19560318346284014	0.080685922239748	0.07623960482584556	0.26976347850647026
G1-135	0.0831153798213528	0.19795457895919516	0.035688390240683085	0.18258098493273944	0.03830115754617647	0.03830115754617647	0.0	0.1379691956537928	0.0350057954430182	0.21710269526438952	0.03815086397835538	0.21312329770330327	0.21956308257615412	0.32371881028764615	0.21808163539022452	0.32371881028764615	0.09526662305724491	0.45449425144925487	0.36027101926519917	0.24263542392803877	0.06002233936849187	0.2970545624375261	0.37964690544578245	0.21312329770330327	0.2685544048253956	0.3067733036753893	0.558916366532252	0.23068323462282175	0.20262354652827674	0.2136739714161842	0.2136739714161842	0.2136739714161842	0.3561422375101672	0.26709335880991697	0.1274572601178006	0.21614381319555223	0.21614381319555223	0.21614381319555223	0.16357824722954045	0.21614381319555223	0.21614381319555223	0.21614381319555223	0.19010747497751154	0.024080448735100738	0.34746644184156233	0.21112634653372284	0.2178532173783708	0.305759255902504	0.4530803190323125	0.20494521925287973	0.06849465225720368	0.32371881028764615	0.334542426781006	0.32371881028764615	0.1340872178661391	0.18562504052943637	0.11977432135449785	0.3065397704561224	0.11977432135449785	0.3654616029638774	0.21312329770330327	0.21047132593217635	0.21101710731298706	0.29492133625977784	0.29492133625977784	0.23695531406724538	0.1905087481445003	0.14949682720992838	0.25752597529130133	0.12458009461194014	0.21878341334923498	0.28590839432135595	0.21878341334923498	0.2136739714161842	0.21878341334923498	0.21878341334923498	0.1274572601178006	0.21614381319555223	0.21614381319555223	0.1274572601178006	0.16102201434880287	0.2110460437002716	0.21013605586787618	0.21053754426852256	0.21013605586787618	0.2076230899702179	0.21013605586787618	0.21304724254892643	0.0862464523356095	0.03311972139012353	0.03830115754617647	0.14950850999846804	0.002584118257520706	0.16904226063616176	0.1088522602417585	0.05986348704808516	0.24647654827044815	0.14988605109958641	0.06966480179875174	0.21252673255623614	0.2512816227734965	0.09142788849166245	0.18072333285055756	0.06428676615217792	0.05986348704808516	0.29588529117375695
G1-136	0.20535544864952196	0.3032754598451516	0.15854925422042712	0.2913190037810433	0.16081508662581884	0.16081508662581884	0.1379691956537928	0.0	0.16377654401781325	0.3177099792995062	0.1517855218854962	0.3147024899785522	0.32500878726455956	0.416402796776707	0.32524314194028187	0.416402796776707	0.20830587018448876	0.3776277716194374	0.23936563589411933	0.21893177697652746	0.18396513995497363	0.38733556702223826	0.4189334059735951	0.3147024899785522	0.35696257046785307	0.2774610948581807	0.5335020463388601	0.11071841124708524	0.30331801564831623	0.31540336409568615	0.31540336409568615	0.31540336409568615	0.41911964196795976	0.2472230424652074	0.24612736170519137	0.3227521076276933	0.3227521076276933	0.3227521076276933	0.2773357170178681	0.3227521076276933	0.3227521076276933	0.3227521076276933	0.28031109993984504	0.1524798328808407	0.43382193280354076	0.31319479145183177	0.3242290244391123	0.39646627161154646	0.4264900722998308	0.29161581661477004	0.19615697730487036	0.416402796776707	0.4160092565624001	0.416402796776707	0.2510816622245613	0.29723470658077705	0.23948934037900343	0.4008537703616142	0.23948934037900343	0.4107695924399243	0.3147024899785522	0.3176153762772419	0.3183226589453597	0.39220047236866734	0.39220047236866734	0.3202951329829633	0.2972443436446621	0.2572456991543939	0.3560905175450715	0.23953129031126927	0.31983281277801967	0.37059773499442195	0.31983281277801967	0.31540336409568615	0.31983281277801967	0.31983281277801967	0.24612736170519137	0.3227521076276933	0.3227521076276933	0.24612736170519137	0.27512714437401364	0.31834765984173746	0.30360972267434955	0.31265997221930764	0.30360972267434955	0.30638632067473015	0.30360972267434955	0.30988337421892703	0.20239399125752755	0.15632166468037081	0.16081508662581884	0.2611205098314526	0.1401967851938491	0.2715504949465606	0.2208923098019908	0.17951427381269028	0.3242428284971983	0.26169655521344287	0.18598227439294668	0.30922662646104887	0.3287386458483539	0.20688741320297557	0.2463826807828846	0.18335021018217607	0.17951427381269028	0.3750973662070481
G1-138	0.06014598951224722	0.18301841832139162	0.011476493436127527	0.15252198303074982	0.0035289688181917344	0.0035289688181917344	0.0350057954430182	0.16377654401781325	0.0	0.20300381043066543	0.014136780780931588	0.19885239063680857	0.19607165734412615	0.3030137270918842	0.1941423553424894	0.3030137270918842	0.06913625618099259	0.46896889869709635	0.38241557468561777	0.2630014841090003	0.08483139051606448	0.2771296992567383	0.39757776752272744	0.19885239063680857	0.25658617580610826	0.28830078460244885	0.5715698301042873	0.25258964711839393	0.17334008762098807	0.19937963244142873	0.19937963244142873	0.19937963244142873	0.38068456335050266	0.28685053078265105	0.15211560030982332	0.19236333340225775	0.19236333340225775	0.19236333340225775	0.13820304330148622	0.19236333340225775	0.19236333340225775	0.19236333340225775	0.2078274297690067	0.04344517392522466	0.3229344822294485	0.19676872990216993	0.24274629924220545	0.2802694935416687	0.46653013217899086	0.22232220342069284	0.09321854805945222	0.3030137270918842	0.34497153478112147	0.3030137270918842	0.15857479608438618	0.21065581660736227	0.1539016907434458	0.28550170600791064	0.1539016907434458	0.3570372464717974	0.19885239063680857	0.196085201219318	0.19660704691887793	0.2731613502548295	0.2731613502548295	0.25746231561668165	0.16683891725341396	0.11843881883068591	0.2784360706227962	0.14446138989082521	0.19516523612656736	0.2745823565344904	0.19516523612656736	0.19937963244142873	0.19516523612656736	0.19516523612656736	0.15211560030982332	0.19236333340225775	0.19236333340225775	0.15211560030982332	0.1355692599141753	0.18711090874635694	0.18323755357931398	0.18797007918284034	0.18323755357931398	0.18055832872298908	0.18323755357931398	0.1906250707755213	0.06344504021703992	0.008836163055696025	0.0035289688181917344	0.12342293183275259	0.037583266107214235	0.1491588897784116	0.1324911155622848	0.07967229460592136	0.26574419951848444	0.12374260347709123	0.09302705635059157	0.19014481952121637	0.2679122341330289	0.05843024962400349	0.19860677581288866	0.0841186120198238	0.07967229460592136	0.2728675696026305
G1-139	0.1526681932541144	0.029470079159332453	0.19230338426983215	0.3504799866247078	0.19957950441568273	0.19957950441568273	0.21710269526438952	0.3177099792995062	0.20300381043066543	0.0	0.19858729187762264	0.0062425905683689935	0.016547626045022655	0.1779101554486149	0.16769914848861414	0.1779101554486149	0.24325467080396632	0.5514133067411019	0.39803668224369815	0.34088805234138786	0.1775643954412671	0.36365341463063444	0.4068356675855172	0.0062425905683689935	0.09085908829163847	0.1464167079930706	0.5833774502281079	0.25088128077461097	0.04167100811965138	0.01247248200454408	0.01247248200454408	0.01247248200454408	0.36184670246115785	0.3451357283015174	0.11832407302640618	0.022857050131908585	0.022857050131908585	0.022857050131908585	0.08178640465266343	0.022857050131908585	0.022857050131908585	0.022857050131908585	0.2658564239489538	0.2078625281833497	0.22234142796449136	0.009351530377310548	0.31545600820727815	0.2501729238158815	0.48649467479360864	0.31079091040571366	0.17418225170649093	0.1779101554486149	0.35019426213529303	0.1779101554486149	0.11517076310718459	0.29530919084228135	0.10986028316037194	0.24580436362528146	0.10986028316037194	0.22396943574821726	0.0062425905683689935	0.01036786941614226	0.016597760852317345	0.2647096067248759	0.2647096067248759	0.3124496242869697	0.11580538671669642	0.0991309798585304	0.2978961222985268	0.12042858875792677	0.01873177128413532	0.12135435786551826	0.01873177128413532	0.01247248200454408	0.01873177128413532	0.01873177128413532	0.11832407302640618	0.022857050131908585	0.022857050131908585	0.11832407302640618	0.07885367079326847	0.022768456472651008	0.13876839341370617	0.14044555053712837	0.13876839341370617	0.14237755591135576	0.13876839341370617	0.13681670402152157	0.1490511990773569	0.19438380184125179	0.19957950441568273	0.09914495485397232	0.2151296971105393	0.12274467353404238	0.221408286983443	0.18189058931242358	0.4001509857930258	0.09388242159136748	0.26223788865610204	0.13643041755735202	0.34626665568470494	0.15453926757171885	0.28306984620707015	0.17816481630278472	0.18189058931242358	0.17315549617151735
G1-14	0.06315610985927328	0.17859862318832662	0.00797408262821215	0.16450259397330275	0.010645379173902384	0.010645379173902384	0.03815086397835538	0.1517855218854962	0.014136780780931588	0.19858729187762264	0.0	0.19443476106888247	0.20716008300468594	0.3127895260653133	0.20544516379308198	0.3127895260653133	0.07516768194136092	0.4730703244910794	0.389752819635248	0.2664202244348316	0.09091353171566244	0.2865261664504741	0.3995712080528441	0.19443476106888247	0.2522042620951244	0.29184536451913956	0.5720765694090771	0.2614921183446305	0.17864879422909835	0.19494780128295733	0.19494780128295733	0.19494780128295733	0.3768293035463542	0.29449182238147664	0.163588253094993	0.20358956466298783	0.20358956466298783	0.20358956466298783	0.15018210806639684	0.20358956466298783	0.20358956466298783	0.20358956466298783	0.21199196884885246	0.05638823714651324	0.3325060090284987	0.19235062775081946	0.2529926356322293	0.2902738202953572	0.4710541594372842	0.22626456212225232	0.10559612419948342	0.3127895260653133	0.3528920921999102	0.3127895260653133	0.1698744817584077	0.22143037282454622	0.1559895903116066	0.2954333044797113	0.1559895903116066	0.35282167100070144	0.19443476106888247	0.1978588504794944	0.19838074940770029	0.28343650890938527	0.28343650890938527	0.2609531772340061	0.17800662735634232	0.1243319702621973	0.28836124683326886	0.1560376111559833	0.20015661653824487	0.2702063511045866	0.20015661653824487	0.19494780128295733	0.20015661653824487	0.20015661653824487	0.163588253094993	0.20358956466298783	0.20358956466298783	0.163588253094993	0.147584934534259	0.19841014924045317	0.18806220370690382	0.19861410242044614	0.18806220370690382	0.19129950459266365	0.18806220370690382	0.1953768015346863	0.05966470825224408	0.005347872397743078	0.010645379173902384	0.12924767621997796	0.04070616681087215	0.14504532099262263	0.1377914240818743	0.08580787348912837	0.26895704289669986	0.12957929410998492	0.09867226006440125	0.19488972714198785	0.27126502016849585	0.06496221502840338	0.20290302575588803	0.09020813614705654	0.08580787348912837	0.2766099736168238
G1-140	0.14800485982162426	0.02337339915206084	0.18808530647687974	0.3470967455561534	0.19541024798476678	0.19541024798476678	0.21312329770330327	0.3147024899785522	0.19885239063680857	0.0062425905683689935	0.19443476106888247	0.0	0.022770890223698787	0.18413341962729105	0.1735481932682539	0.18413341962729105	0.23952905310572728	0.5543110426467783	0.3951318415095892	0.33806355356894274	0.17316200822271186	0.3604194764345164	0.40454908491557806	0.0	0.08563711963472566	0.14178575686384343	0.5859946359504182	0.2557203741053336	0.035688297815310695	0.0062690264012604515	0.0062690264012604515	0.0062690264012604515	0.3592701126857007	0.3423932740908806	0.11332973565279698	0.016718828363797615	0.016718828363797615	0.016718828363797615	0.07636827605177365	0.016718828363797615	0.016718828363797615	0.016718828363797615	0.2624225317079066	0.20384629129871346	0.21748661715150847	0.00312846956353229	0.3117917362529724	0.24577417699305104	0.4847745095888304	0.3077019665784173	0.17951679889587593	0.18413341962729105	0.35511332639372384	0.18413341962729105	0.12078771233179149	0.30064373803166633	0.10481800184187655	0.2413540603746937	0.10481800184187655	0.2288138768293815	0.0	0.004151193046331775	0.010420219447592227	0.2603708581701277	0.2603708581701277	0.3094386655206082	0.11079847532800764	0.09384616837866236	0.2939412379157978	0.1154740466334703	0.012567635317465839	0.11644683772629583	0.012567635317465839	0.0062690264012604515	0.012567635317465839	0.012567635317465839	0.11332973565279698	0.016718828363797615	0.016718828363797615	0.11332973565279698	0.07341823692780529	0.01664878685204869	0.13403888098711828	0.13569936211846012	0.13403888098711828	0.1376678634481223	0.13403888098711828	0.13205047825755628	0.14436795933456975	0.190187481864998	0.19541024798476678	0.09386030786975573	0.21113016589470163	0.11776655247690598	0.21746389494605523	0.17753451802470965	0.39781247371763856	0.08853566829537901	0.2586972806007342	0.13167512105274312	0.3434881639618917	0.14988623169132165	0.27972681830223545	0.17376887188239976	0.17753451802470965	0.16870565427813125
G1-141	0.1550977195763259	0.03985135115997186	0.20094337724238126	0.3448305598817928	0.19883893985527282	0.19883893985527282	0.21956308257615412	0.32500878726455956	0.19607165734412615	0.016547626045022655	0.20716008300468594	0.022770890223698787	0.0	0.1635627316782863	0.1540947667394465	0.1635627316782863	0.24277042723820486	0.5492397424240174	0.39318733399183137	0.34088629758781724	0.17668511946275314	0.358253747846618	0.4070891328245089	0.022770890223698787	0.10574430157199925	0.15035367417183165	0.58586279520235	0.24053005755737678	0.03979443018575202	0.02285369565335782	0.02285369565335782	0.02285369565335782	0.3685348095166547	0.3405594129315977	0.10998185131149862	0.012599937232107046	0.012599937232107046	0.012599937232107046	0.07273488449881788	0.012599937232107046	0.012599937232107046	0.012599937232107046	0.26550242375529565	0.2011567270036163	0.21422914403922802	0.019732733312067256	0.3093367142067379	0.24282455801185893	0.4836258510400022	0.31065375247484084	0.16186413432669652	0.1635627316782863	0.34073744698984404	0.1635627316782863	0.101467256408492	0.28440405067437163	0.11220068815559162	0.23836969152155835	0.11220068815559162	0.23203084207314104	0.022770890223698787	0.018735432400926014	0.018805982833248087	0.2574612977830537	0.2574612977830537	0.3123228885321447	0.10744217284713024	0.09770575430438747	0.291290283162076	0.1121530212973587	0.0166989085440205	0.1305912985469533	0.0166989085440205	0.02285369565335782	0.0166989085440205	0.0166989085440205	0.10998185131149862	0.012599937232107046	0.012599937232107046	0.10998185131149862	0.06977324048195119	0.012542477986210254	0.1376525992181922	0.13251857607883696	0.1376525992181922	0.13451170175228042	0.1376525992181922	0.1356839714117931	0.15815373539047076	0.20300154628360773	0.19883893985527282	0.09771982543027231	0.21758966773980878	0.132128528156753	0.22079895898996696	0.18103908024993554	0.4003811740276726	0.09241776418039262	0.26185724892224904	0.13529865394903975	0.3462878547114467	0.15350811598705397	0.282797464405339	0.17728941502874973	0.18103908024993554	0.17224768414399164
G1-142	0.2668500887013109	0.16479373516275084	0.30730931108470483	0.45432144326847756	0.3054538566201468	0.3054538566201468	0.32371881028764615	0.416402796776707	0.3030137270918842	0.1779101554486149	0.3127895260653133	0.18413341962729105	0.1635627316782863	0.0	0.13377837673329981	0.0	0.3441531701878781	0.6117113464718692	0.49523524335011615	0.4303227334941012	0.28591102497318405	0.4692636629907437	0.48826219505509416	0.18413341962729105	0.2534060525251099	0.2906494132800188	0.6538134440146957	0.34118553503732196	0.1647432045441128	0.17903472913531115	0.17903472913531115	0.17903472913531115	0.4728039305931223	0.4494479018808324	0.2524455415878693	0.1703926134174566	0.1703926134174566	0.1703926134174566	0.22106770337286222	0.1703926134174566	0.1703926134174566	0.1703926134174566	0.3867845116075333	0.3330637382031172	0.34330300686265736	0.18159693082918726	0.44862586112004194	0.3955275082737924	0.5550431410911746	0.4038095382510035	0.2717376252798843	0.0	0.24316928155250725	0.0	0.24390667342499958	0.1679769097712156	0.25879634431116355	0.39197107458831937	0.25879634431116355	0.35764197538833137	0.18413341962729105	0.18076430675379346	0.17562328665896468	0.3801368921981394	0.3801368921981394	0.4258738650629108	0.2548235670232927	0.21608946802535825	0.4089010916518298	0.25875654832449624	0.17384739375314304	0.26980427232755233	0.17384739375314304	0.17903472913531115	0.17384739375314304	0.17384739375314304	0.2524455415878693	0.1703926134174566	0.1703926134174566	0.2524455415878693	0.2233746235487122	0.1755939485540722	0.2800455717797842	0.27142744428953597	0.2800455717797842	0.2774233072062275	0.2800455717797842	0.2740933276734633	0.2695495128016243	0.3091238103977988	0.3054538566201468	0.21610192679170367	0.3219802615178817	0.2465497922026916	0.32480752437521504	0.2897532973652843	0.482398928881779	0.21140621415147481	0.36094422968521284	0.2780803158762146	0.4350561798114323	0.26544582912244064	0.37935007075015964	0.2864443448422961	0.2897532973652843	0.28199435409155355
G1-143	0.2527826208045165	0.15516182824390723	0.19910892259558546	0.34545007151908275	0.1969636405108476	0.1969636405108476	0.21808163539022452	0.32524314194028187	0.1941423553424894	0.16769914848861414	0.20544516379308198	0.1735481932682539	0.1540947667394465	0.13377837673329981	0.0	0.13377837673329981	0.2417079043418021	0.5644147455842525	0.4717915209598456	0.34133741503128107	0.1743681592322144	0.44598555060458883	0.46973673869179167	0.1735481932682539	0.2398384691422925	0.2757604211773194	0.6215095505333242	0.3249983597778573	0.15511385701003186	0.16869574879489335	0.16869574879489335	0.16869574879489335	0.45435479312994204	0.36344999278048623	0.23891465931495126	0.16047933327922717	0.16047933327922717	0.16047933327922717	0.0993961139456158	0.16047933327922717	0.16047933327922717	0.16047933327922717	0.369409953449102	0.22888626941556134	0.32261519739203726	0.1711337507846147	0.33861813201563995	0.2749258306979119	0.536602084279617	0.3106827766037715	0.25764707809840476	0.13377837673329981	0.3223731278614878	0.13377837673329981	0.2308486420211892	0.2627155900985611	0.2450252380462895	0.27065983309592284	0.2450252380462895	0.3410592368139882	0.1735481932682539	0.1703413862092731	0.1654511002522417	0.2564645469855075	0.2564645469855075	0.33619361830605654	0.13842474597478935	0.09364026102229069	0.38649755362207633	0.24498692946420797	0.16376268046458153	0.25563041967484434	0.16376268046458153	0.16869574879489335	0.16376268046458153	0.16376268046458153	0.23891465931495126	0.16047933327922717	0.16047933327922717	0.23891465931495126	0.10206338205631567	0.16542320363236207	0.1675865044435767	0.15762219927631388	0.1675865044435767	0.16455463418292118	0.1675865044435767	0.16070450173793852	0.25538478526589337	0.20120685220986834	0.1969636405108476	0.09365466798730293	0.21607152002471103	0.12885858240956344	0.2193404099234059	0.17881060623638761	0.40154807023219163	0.08822547077735704	0.26112177830716515	0.16531426960171683	0.416943478047781	0.2514293682731844	0.36211969187057197	0.2716945989234285	0.17881060623638761	0.26739472931866054
G1-144	0.2668500887013109	0.16479373516275084	0.30730931108470483	0.45432144326847756	0.3054538566201468	0.3054538566201468	0.32371881028764615	0.416402796776707	0.3030137270918842	0.1779101554486149	0.3127895260653133	0.18413341962729105	0.1635627316782863	0.0	0.13377837673329981	0.0	0.3441531701878781	0.6117113464718692	0.49523524335011615	0.4303227334941012	0.28591102497318405	0.4692636629907437	0.48826219505509416	0.18413341962729105	0.2534060525251099	0.2906494132800188	0.6538134440146957	0.34118553503732196	0.1647432045441128	0.17903472913531115	0.17903472913531115	0.17903472913531115	0.4728039305931223	0.4494479018808324	0.2524455415878693	0.1703926134174566	0.1703926134174566	0.1703926134174566	0.22106770337286222	0.1703926134174566	0.1703926134174566	0.1703926134174566	0.3867845116075333	0.3330637382031172	0.34330300686265736	0.18159693082918726	0.44862586112004194	0.3955275082737924	0.5550431410911746	0.4038095382510035	0.2717376252798843	0.0	0.24316928155250725	0.0	0.24390667342499958	0.1679769097712156	0.25879634431116355	0.39197107458831937	0.25879634431116355	0.35764197538833137	0.18413341962729105	0.18076430675379346	0.17562328665896468	0.3801368921981394	0.3801368921981394	0.4258738650629108	0.2548235670232927	0.21608946802535825	0.4089010916518298	0.25875654832449624	0.17384739375314304	0.26980427232755233	0.17384739375314304	0.17903472913531115	0.17384739375314304	0.17384739375314304	0.2524455415878693	0.1703926134174566	0.1703926134174566	0.2524455415878693	0.2233746235487122	0.1755939485540722	0.2800455717797842	0.27142744428953597	0.2800455717797842	0.2774233072062275	0.2800455717797842	0.2740933276734633	0.2695495128016243	0.3091238103977988	0.3054538566201468	0.21610192679170367	0.3219802615178817	0.2465497922026916	0.32480752437521504	0.2897532973652843	0.482398928881779	0.21140621415147481	0.36094422968521284	0.2780803158762146	0.4350561798114323	0.26544582912244064	0.37935007075015964	0.2864443448422961	0.2897532973652843	0.28199435409155355
G1-15	0.1250969497439131	0.22533854687677046	0.06818485875141865	0.21187316893972769	0.06582199294516872	0.06582199294516872	0.09526662305724491	0.20830587018448876	0.06913625618099259	0.24325467080396632	0.07516768194136092	0.23952905310572728	0.24277042723820486	0.3441531701878781	0.2417079043418021	0.3441531701878781	0.0	0.4865902733653769	0.413509918814633	0.2931697896040133	0.1316384348490488	0.3168053881991135	0.3719452717724847	0.23952905310572728	0.29153197940237524	0.32027445227768986	0.5816319851262322	0.29031345364610023	0.22530165317367948	0.24012728514869733	0.24012728514869733	0.24012728514869733	0.4030384461555764	0.3193575569296361	0.2004737784281937	0.23962595615880253	0.23962595615880253	0.23962595615880253	0.1886351077949955	0.23962595615880253	0.23962595615880253	0.23962595615880253	0.2501879586942925	0.10708904386312597	0.3713528291682385	0.23765990047863347	0.2859354525695005	0.33061132835778556	0.4905363514231735	0.26302328183829043	0.14537080992622295	0.3441531701878781	0.3785146524792576	0.3441531701878781	0.20621969501839027	0.25605383888407307	0.20192523753096167	0.32731390291001367	0.20192523753096167	0.38300225669257754	0.23952905310572728	0.2427824496200339	0.24338867814816428	0.3163866381585162	0.3163866381585162	0.2880955578643488	0.21393121271806392	0.17374062610713295	0.3283932843019856	0.20188877843329017	0.23634834384725206	0.3079292321682946	0.23634834384725206	0.24012728514869733	0.23634834384725206	0.23634834384725206	0.2004737784281937	0.23962595615880253	0.23962595615880253	0.2004737784281937	0.18615545251479657	0.23902241446483505	0.12946542646951584	0.13093441883712323	0.12946542646951584	0.1327269723240802	0.12946542646951584	0.12765680652557276	0.12179926966588964	0.07049622073045952	0.06582199294516872	0.17375164106988078	0.09306914090157622	0.20083923941473722	0.1745094009459389	0.13585282611336189	0.29422742500346366	0.16960432345741078	0.02579036325629457	0.12270976780660216	0.30433256375695816	0.11738303129619063	0.24191644204719687	0.14003556853981525	0.13585282611336189	0.31354478063984875
G1-175	0.4869201390415526	0.5494532721908988	0.47076467154640256	0.5517594455749345	0.4699877654233025	0.4699877654233025	0.45449425144925487	0.3776277716194374	0.46896889869709635	0.5514133067411019	0.4730703244910794	0.5543110426467783	0.5492397424240174	0.6117113464718692	0.5644147455842525	0.6117113464718692	0.4865902733653769	0.0	0.5009623101964669	0.4801198464121126	0.4806047881367815	0.5877887481358777	0.4860300569974631	0.5543110426467783	0.5727689127207596	0.5191509833263702	0.5462184770339895	0.41218376598150946	0.5494407390075353	0.5551177286825284	0.5551177286825284	0.5551177286825284	0.49088959238715385	0.37694119353651734	0.5023809531199754	0.5529597000218176	0.5529597000218176	0.5529597000218176	0.5360277027500018	0.5529597000218176	0.5529597000218176	0.5529597000218176	0.3980768834788209	0.4587645181954527	0.6321000270902958	0.553666923394173	0.5667077903394893	0.6179364980714068	0.5800037504131199	0.4184777261342953	0.46628300807024553	0.6117113464718692	0.48648459924165566	0.6117113464718692	0.500189991530709	0.5330246436357003	0.5023780607646224	0.616839771469211	0.5023780607646224	0.5907311546206304	0.5543110426467783	0.5534559513038493	0.5542629491041446	0.6132372065982401	0.6132372065982401	0.45718648078334495	0.5439726696576207	0.5324628444762024	0.5811902874263523	0.5023643211721419	0.5538194805076178	0.5793495092487797	0.5538194805076178	0.5551177286825284	0.5538194805076178	0.5538194805076178	0.5023809531199754	0.5529597000218176	0.5529597000218176	0.5023809531199754	0.5345827371544578	0.5521509970394133	0.5517957194750426	0.5511207430790831	0.5517957194750426	0.5509698092679967	0.5517957194750426	0.5519486643521515	0.48791046795830234	0.4715262479116245	0.4699877654233025	0.5324664562730453	0.4537054848701476	0.5414639732763571	0.4961222190034771	0.48210252116947	0.4410694810675761	0.5311107507821948	0.4718187602594205	0.5511764629625439	0.4283795937169019	0.4864063362644445	0.4949624930271854	0.47102062366869524	0.48210252116947	0.5809080242772695
G1-176	0.35554760059068546	0.3840727585735378	0.3856357059605005	0.2918528854441258	0.38424403336101265	0.38424403336101265	0.36027101926519917	0.23936563589411933	0.38241557468561777	0.39803668224369815	0.389752819635248	0.3951318415095892	0.39318733399183137	0.49523524335011615	0.4717915209598456	0.49523524335011615	0.413509918814633	0.5009623101964669	0.0	0.34762877570075	0.32941372950644016	0.31066166538362716	0.4797632843780162	0.3951318415095892	0.43572929518009423	0.34344775576254605	0.5989418461910985	0.15753108015760356	0.38404401687515416	0.3960930391867048	0.3960930391867048	0.3960930391867048	0.48648080495942664	0.36838260663167605	0.3066106331699976	0.3911941265262026	0.3911941265262026	0.3911941265262026	0.4202586664046436	0.3911941265262026	0.3911941265262026	0.3911941265262026	0.4127602014243369	0.36796772866418903	0.28117877179035067	0.3936746874850043	0.23648576644212974	0.3328426548256269	0.4843440397663174	0.42715311646455945	0.3293528408205279	0.49523524335011615	0.4856129947207752	0.49523524335011615	0.3116373193121767	0.43607186801326353	0.3075583710553533	0.32929715474848675	0.3075583710553533	0.48478797963813264	0.3951318415095892	0.3931968074486897	0.39415641099415677	0.3175281905976628	0.3175281905976628	0.44595022983858246	0.43657652037191624	0.41366568969874157	0.1817087954714039	0.30752646062214295	0.3931497088185961	0.4490014497016938	0.3931497088185961	0.3960930391867048	0.3931497088185961	0.3931497088185961	0.3066106331699976	0.3911941265262026	0.3911941265262026	0.3066106331699976	0.4179370862083194	0.3902342007777478	0.4517648422202834	0.44997244133829284	0.4517648422202834	0.45017567034532335	0.4517648422202834	0.4515691365940782	0.35753835751100677	0.3869977711306786	0.38424403336101265	0.4136729937269316	0.358842178948179	0.431640916941448	0.3611662774354428	0.33252916698344864	0.49486093395805836	0.4109289652521694	0.3910974229788953	0.4505736164101262	0.4538212207854225	0.35451293071401996	0.3809258389355011	0.3298458873717778	0.33252916698344864	0.45294739061241
