	G1-11	G1-12	G1-13	G1-130	G1-131	G1-132	G1-135	G1-136	G1-138	G1-139	G1-14	G1-140	G1-141	G1-142	G1-143	G1-144	G1-15	G1-177	G1-178	G1-180	G1-182	G1-187	G1-188	G1-189	G1-190	G1-192	G1-193	G2-1100	G2-1101	G2-1102	G2-1103	G2-1105	G2-1106	G2-1107	G2-1108	G2-1109	G2-1110	G2-1111	G2-1113	G2-194	G2-198	G2-199	G2-21	G2-210	G2-211	G2-212	G2-213	G2-214	G2-215	G2-216	G2-217	G2-218	G2-219	G2-22	G2-220	G2-221	G2-222	G2-223	G2-224	G2-23	G2-24	G2-26	G2-27	G2-28	G2-29	G2-313	G2-314	G2-315	G2-316	G2-317	G2-318	G2-319	G2-320	G2-321	G2-322	G2-323	G2-324	G2-325	G2-326	G2-327	G2-328	G2-329	G2-330	G2-413	G2-414	G2-415	G2-416	G3-418	G3-419	G3-420	G3-422	G3-423	G3-424	G3-425	G3-426	G3-427	G3-428	G3-429	G3-430
G1-11	0.0	0.3064077257639941	0.355477600063887	0.2875720248265372	0.2875720248265372	0.2640986502101904	0.33658913321863754	0.337739510281116	0.2875720248265372	0.31458510010698015	0.3137691540116141	0.34953764762994144	0.3503761012425069	0.4182593460238122	0.3183574656094124	0.41639361873205544	0.34841920784955593	0.611770940860052	0.3703363597901448	0.5064307396148561	0.6978418153903432	0.345269659400875	0.40741608278525654	0.43214477184760447	0.6818051808431695	0.4519192901186928	0.36991073640703176	0.4144578614679654	0.3516366406424346	0.3132966806862157	0.5518529476795015	0.35597590986602773	0.35025378318920913	0.41819714772185934	0.41819714772185934	0.315171517000588	0.4225260305706018	0.35784035980554935	0.35597590986602773	0.41418113472733276	0.5161931126857469	0.349772190702913	0.49958690675363504	0.3075992513494627	0.7529321612900651	0.37999421008663264	0.31757855410373814	0.357559688007588	0.41238739253939	0.41235634428743956	0.41861995358156767	0.3624492364938538	0.3948916521571868	0.4248426555980458	0.4084232148267355	0.4882265208499738	0.40993165241351626	0.4768438973476321	0.3522366236121338	0.31890283481678156	0.42699599295787144	0.30232202606538033	0.3648564343478999	0.4162005515874894	0.40250190945013203	0.34405005843212466	0.4144578614679654	0.349772190702913	0.41632231140748704	0.31703596694010955	0.31703596694010955	0.35784035980554935	0.35784035980554935	0.3195003998493304	0.4225260305706018	0.3634421946526368	0.38046788981059454	0.4020935357193277	0.410842578688409	0.40913800383167714	0.340097565179193	0.4020935357193277	0.4074303214129705	0.4112915250581925	0.2714622553100845	0.2700698613215213	0.27565249438007244	0.3783133397023291	0.40040230805645305	0.35969342454630576	0.32045965506284385	0.461780356882529	0.3416858503845874	0.4229987926255279	0.2640986502101904	0.4929575483847743	0.2640986502101904	0.32898399439399567	0.3354677905581092
G1-12	0.3064077257639941	0.0	0.2044815099385398	0.08939031052047866	0.08939031052047866	0.05749286309352215	0.1793465349573977	0.18121323595810365	0.08939031052047866	0.01691023020787828	0.13556152351785625	0.06704262745048267	0.1910090989260084	0.16332976707456365	0.019649023800557688	0.16064644336820053	0.18906565322094385	0.5686710135995229	0.21417158016991386	0.42893858100718824	0.7281545720937245	0.06453528301200329	0.18168081025789487	0.22650195586739394	0.6609509117958124	0.3428534068872231	0.1356031568449051	0.15811498540634433	0.06779143577405801	0.11649442036174	0.4881427823430874	0.07403038168969962	0.0709446354866489	0.16349128346462163	0.16349128346462163	0.11904920437405313	0.16971529598304497	0.07671106402022913	0.07403038168969962	0.38337758229693397	0.3115356180143531	0.06511075344352851	0.3924623278983818	0.1182283004363639	0.7321368623352282	0.24753448915379342	0.1238038050651873	0.0785478076943202	0.1873091042824212	0.19320784147189196	0.19918248169817018	0.20034054856722572	0.15635196045683214	0.26889010826003695	0.18360014659336535	0.32817453541905095	0.18463315900400995	0.30757857131295174	0.06865408363142232	0.12462618519653718	0.2704887906910811	0.10902753703219734	0.38187961203896814	0.2654729144646607	0.1796320383456955	0.06204870924803322	0.15811498540634433	0.06511075344352851	0.16079566773687384	0.12158983518045116	0.12158983518045116	0.07671106402022913	0.07671106402022913	0.12494804503996294	0.16971529598304497	0.20547577279958587	0.21254180371538067	0.25499874617408225	0.2587918980008966	0.26667978818308113	0.172168444404616	0.25499874617408225	0.2538473105226165	0.1659691724703435	0.07026251835496884	0.06785489803173235	0.07058190455887259	0.23704305847006124	0.27156915475315574	0.20583118811772014	0.1297567750236494	0.3878226877221012	0.16685660710533437	0.3134451478088361	0.05749286309352215	0.3899476412266247	0.05749286309352215	0.16585600249092217	0.1775249996477709
G1-13	0.355477600063887	0.2044815099385398	0.0	0.13894233591431823	0.13894233591431823	0.15453558010467391	0.029896189921791484	0.023268273980436138	0.13894233591431823	0.21553000837996486	0.17778053908292524	0.256703923423275	0.05502731482103841	0.29771296309875916	0.21924571785800304	0.2954606259405463	0.2590203140040108	0.48799167243276553	0.2895487106038505	0.33114906970301633	0.6769821252711901	0.2512655802045051	0.3334003818064362	0.36500259487864606	0.6080491118179282	0.3017499261156855	0.28906071484629353	0.2932240169783477	0.25856744371441115	0.21335821961351187	0.5014869771426554	0.2636841677534444	0.25693682353186903	0.29773750549434225	0.29773750549434225	0.21556896514339113	0.30296266390646925	0.2658826660105368	0.2636841677534444	0.4687853178855697	0.41525930651734344	0.25636894545731875	0.44311424093234336	0.2066399976858303	0.7158071639528655	0.3069463680360933	0.21905604489188887	0.2661536250146089	0.33882582793635224	0.33927337364733057	0.23709458072565948	0.2788448787349125	0.316664391096801	0.3450645565565105	0.3347137988878099	0.41665302524250886	0.3361741448897008	0.42206924988512123	0.2592749239664727	0.22018533262423068	0.3470128835355428	0.20372250705961753	0.42131089773257674	0.33469909127164943	0.326644856274215	0.24962159463951758	0.2932240169783477	0.25636894545731875	0.2954744928230131	0.21776746340048356	0.21776746340048356	0.2658826660105368	0.2658826660105368	0.2206734419096375	0.30296266390646925	0.2798667037838252	0.25219657582570365	0.28445992311551926	0.29517704228323594	0.29452562601426235	0.2495910980562587	0.28445992311551926	0.2908466813689851	0.29049334945735944	0.1563344308947928	0.16262223890345873	0.1692029078031163	0.2942960671875123	0.14864071185089217	0.2760883812251576	0.2233475603779994	0.4292814336814369	0.24462990443810018	0.3616040846013903	0.15453558010467391	0.369736954324511	0.15453558010467391	0.24063328933132047	0.027752588164761782
G1-130	0.2875720248265372	0.08939031052047866	0.13894233591431823	0.0	0.0	0.03189744742695652	0.15706026705186665	0.15897766155521822	0.0	0.10391773596618036	0.06240927141473562	0.15121386045769006	0.1687632005429646	0.18527715219680413	0.09758688911485609	0.18266421696187649	0.1709740594914829	0.5562232270268227	0.19147763477165286	0.4132990140087133	0.7201940454408178	0.14443075387112375	0.25029763082070794	0.28248555131989594	0.6578483355972824	0.32380823132990305	0.19093096981863808	0.1896558758485638	0.15255754089818774	0.10057517426684337	0.47784644271950283	0.14905688015548632	0.1412591310224083	0.18541339766950526	0.18541339766950526	0.0934512570955713	0.1914742994987697	0.15159763357125222	0.14905688015548632	0.41584577703059544	0.32090414164820624	0.15002966866168377	0.3712558378657298	0.08313225661700664	0.7339838441539399	0.21968112095675876	0.09839942086135248	0.15277362433257952	0.2481767320673083	0.24936212537553945	0.25866292665872925	0.17715870898995276	0.22854426393710733	0.24336409498623596	0.2519683555098552	0.37895198584578627	0.2532533415428909	0.3609163685408747	0.15337101422312294	0.0990932274322953	0.24474346220852056	0.08438381498436962	0.358255117924415	0.23112717924130854	0.23333235225534782	0.14227144518015614	0.1896558758485638	0.15002966866168377	0.19225271092310817	0.0959920105113372	0.0959920105113372	0.15159763357125222	0.15159763357125222	0.09935038243610732	0.1914742994987697	0.17813803457221242	0.13258837646164195	0.17656600332856143	0.1891594245348549	0.18986789896362452	0.13929105226626295	0.17656600332856143	0.18391579971917604	0.18757773097980307	0.045013884820375445	0.04254088139230352	0.04019408931037371	0.21521028323442412	0.2516136524822176	0.17463972811116643	0.10462089789351024	0.3710557506260562	0.1473237886836422	0.28828847357195964	0.03189744742695652	0.3972484529320692	0.03189744742695652	0.13459205012710837	0.15518926479225556
G1-131	0.2875720248265372	0.08939031052047866	0.13894233591431823	0.0	0.0	0.03189744742695652	0.15706026705186665	0.15897766155521822	0.0	0.10391773596618036	0.06240927141473562	0.15121386045769006	0.1687632005429646	0.18527715219680413	0.09758688911485609	0.18266421696187649	0.1709740594914829	0.5562232270268227	0.19147763477165286	0.4132990140087133	0.7201940454408178	0.14443075387112375	0.25029763082070794	0.28248555131989594	0.6578483355972824	0.32380823132990305	0.19093096981863808	0.1896558758485638	0.15255754089818774	0.10057517426684337	0.47784644271950283	0.14905688015548632	0.1412591310224083	0.18541339766950526	0.18541339766950526	0.0934512570955713	0.1914742994987697	0.15159763357125222	0.14905688015548632	0.41584577703059544	0.32090414164820624	0.15002966866168377	0.3712558378657298	0.08313225661700664	0.7339838441539399	0.21968112095675876	0.09839942086135248	0.15277362433257952	0.2481767320673083	0.24936212537553945	0.25866292665872925	0.17715870898995276	0.22854426393710733	0.24336409498623596	0.2519683555098552	0.37895198584578627	0.2532533415428909	0.3609163685408747	0.15337101422312294	0.0990932274322953	0.24474346220852056	0.08438381498436962	0.358255117924415	0.23112717924130854	0.23333235225534782	0.14227144518015614	0.1896558758485638	0.15002966866168377	0.19225271092310817	0.0959920105113372	0.0959920105113372	0.15159763357125222	0.15159763357125222	0.09935038243610732	0.1914742994987697	0.17813803457221242	0.13258837646164195	0.17656600332856143	0.1891594245348549	0.18986789896362452	0.13929105226626295	0.17656600332856143	0.18391579971917604	0.18757773097980307	0.045013884820375445	0.04254088139230352	0.04019408931037371	0.21521028323442412	0.2516136524822176	0.17463972811116643	0.10462089789351024	0.3710557506260562	0.1473237886836422	0.28828847357195964	0.03189744742695652	0.3972484529320692	0.03189744742695652	0.13459205012710837	0.15518926479225556
G1-132	0.2640986502101904	0.05749286309352215	0.15453558010467391	0.03189744742695652	0.03189744742695652	0.0	0.1292867365056003	0.1312673061242378	0.03189744742695652	0.07252916508074322	0.0812885128569281	0.11982528957225293	0.1493311262104768	0.21106777937176685	0.0755850486711293	0.20853755844718175	0.14755962463602557	0.5443624921920694	0.17155291329116815	0.39885422951042215	0.7123401688231539	0.11288387156801419	0.22257323139701618	0.2633384010270787	0.6483695953728562	0.3065708805217712	0.17101046422879954	0.20610594904034377	0.12093121915250793	0.06894885252116356	0.4595375043013601	0.12681451908162897	0.11905630318455859	0.2111757756445296	0.2111757756445296	0.07149080688884543	0.21704499344247274	0.12934239131813294	0.12681451908162897	0.40071371803698125	0.3425655660878465	0.11840334691600396	0.35186921058972276	0.06122412195343561	0.7263665707387179	0.20138377328300577	0.07657910044923695	0.13067970771556375	0.2281333884546267	0.22946254038493152	0.23885171153116638	0.156873908863465	0.19990351315804658	0.2207007679382754	0.2243057403895259	0.3559852941111037	0.22546784232396988	0.33719001048822594	0.12174469247744314	0.0771594886985219	0.22187930503014744	0.06328265898381277	0.3419197846406693	0.2084687359817324	0.21314134520322936	0.11064512343447633	0.20610594904034377	0.11840334691600396	0.20863382127684774	0.0740186791253494	0.0740186791253494	0.12934239131813294	0.12934239131813294	0.07736002468678857	0.21704499344247274	0.1578116256526909	0.16002141555360855	0.20116142331828668	0.2133211256628907	0.21368659280586497	0.11833112154882044	0.20116142331828668	0.20829168623105504	0.20391719405520714	0.013548603253403043	0.010994118275030525	0.018558207819840255	0.18800190305668052	0.2338438013611381	0.15449030233466907	0.08299883817698862	0.3557149817804094	0.12203668565684939	0.2713369088681424	0.0	0.3769052817442644	0.0	0.11469572790258138	0.1273540876817352
G1-135	0.33658913321863754	0.1793465349573977	0.029896189921791484	0.15706026705186665	0.15706026705186665	0.1292867365056003	0.0	0.006679217608379956	0.15706026705186665	0.1907697416481266	0.19423145563722874	0.2320362199030884	0.029906161141597408	0.31239251635374776	0.194310205733445	0.3101872586680651	0.24398413141131517	0.47440119522040924	0.2672618779617038	0.313871955049423	0.6684364748512852	0.22647711385510383	0.3114377221299572	0.3440199234358633	0.5975598512285273	0.28160036214046025	0.2667746265666249	0.3079854467969096	0.23374109066868873	0.1884295605276762	0.48647625665556565	0.23886939357874212	0.2321067804804647	0.31240466846518117	0.31240466846518117	0.19064530885566486	0.3175206963875288	0.24107286691902502	0.23886939357874212	0.45241511399276374	0.4275631185147556	0.23153761732840583	0.4224122352601713	0.1816961356254758	0.7077211073436191	0.2864343484236799	0.1943036455355293	0.2415071061351314	0.3167721394406751	0.3173658420591686	0.21364473553254668	0.2561155489287184	0.2940264961402087	0.31679591228872994	0.3127971419993156	0.39800208472770515	0.31417422861369365	0.40311425612124546	0.23445017191047055	0.19135957253405703	0.3185419865463518	0.17570309619235167	0.4034817164447187	0.31004502004548434	0.3043574247360903	0.22477499761897576	0.3079854467969096	0.23153761732840583	0.31018892013719246	0.19284878219594775	0.19284878219594775	0.24107286691902502	0.24107286691902502	0.19576133677801247	0.3175206963875288	0.25710282714597027	0.26781488775084294	0.2986755058826855	0.3091504893219617	0.3083479356735552	0.22595628427553846	0.2986755058826855	0.3049353788735377	0.3051818915194695	0.13957652022882686	0.13353967620603052	0.14014970302969249	0.2792847696007146	0.12627125737843914	0.2534759113647264	0.19883191271015252	0.41249688957968605	0.2285354505670236	0.34280708133624044	0.1292867365056003	0.35234281157539094	0.1292867365056003	0.21801811589576994	0.0022146999104491823
G1-136	0.337739510281116	0.18121323595810365	0.023268273980436138	0.15897766155521822	0.15897766155521822	0.1312673061242378	0.006679217608379956	0.0	0.15897766155521822	0.19258489416043736	0.19597446519280856	0.23375880920374756	0.03208214562742578	0.313946276191559	0.19613079156742616	0.31174600164073973	0.2385763574735642	0.4750653657602634	0.26875159145305166	0.3149579617935008	0.6687047677909235	0.22821978578150778	0.31282284230348695	0.345284393988781	0.5979568952369431	0.2829225884664585	0.26826521463491065	0.3095479027196874	0.23547117823075567	0.1902619541298564	0.4871937873324817	0.24058790226978888	0.23384055804821352	0.31395714650665907	0.31395714650665907	0.19247269965973565	0.31906162327290544	0.2427864005268813	0.24058790226978888	0.45324689531575496	0.4288652131808081	0.23327267997366327	0.4235186721387155	0.18354373220217482	0.7079457282140551	0.28777189282224264	0.19611087562309554	0.24320845574581557	0.31815289990770773	0.31873633445922894	0.21531869669407008	0.2576563847101474	0.29548797219737283	0.32201883788187863	0.3141768038003361	0.3990386868789963	0.3155565307880793	0.404159304172008	0.23617865848281722	0.1971396139495988	0.3237959112221313	0.181375359786492	0.40446412312901675	0.3116028257879939	0.3057765604283771	0.2265253291558621	0.3095479027196874	0.23327267997366327	0.3117464009767798	0.19467119791682805	0.19467119791682805	0.2427864005268813	0.2427864005268813	0.19757717642598202	0.31906162327290544	0.2586440954543823	0.2694680422400198	0.3001819167642456	0.3106313105944313	0.309813124676983	0.22761889250603828	0.3001819167642456	0.30642834385256673	0.3067369540256543	0.13323816541113728	0.13957652022882686	0.14615718912848444	0.2739785522348244	0.12803156070943966	0.25501389464070856	0.20061252763661905	0.4134085176174999	0.22270333137207557	0.3439418057433104	0.1312673061242378	0.35337852044825957	0.1312673061242378	0.21962415334554486	0.004484314184325644
G1-138	0.2875720248265372	0.08939031052047866	0.13894233591431823	0.0	0.0	0.03189744742695652	0.15706026705186665	0.15897766155521822	0.0	0.10391773596618036	0.06240927141473562	0.15121386045769006	0.1687632005429646	0.18527715219680413	0.09758688911485609	0.18266421696187649	0.1709740594914829	0.5562232270268227	0.19147763477165286	0.4132990140087133	0.7201940454408178	0.14443075387112375	0.25029763082070794	0.28248555131989594	0.6578483355972824	0.32380823132990305	0.19093096981863808	0.1896558758485638	0.15255754089818774	0.10057517426684337	0.47784644271950283	0.14905688015548632	0.1412591310224083	0.18541339766950526	0.18541339766950526	0.0934512570955713	0.1914742994987697	0.15159763357125222	0.14905688015548632	0.41584577703059544	0.32090414164820624	0.15002966866168377	0.3712558378657298	0.08313225661700664	0.7339838441539399	0.21968112095675876	0.09839942086135248	0.15277362433257952	0.2481767320673083	0.24936212537553945	0.25866292665872925	0.17715870898995276	0.22854426393710733	0.24336409498623596	0.2519683555098552	0.37895198584578627	0.2532533415428909	0.3609163685408747	0.15337101422312294	0.0990932274322953	0.24474346220852056	0.08438381498436962	0.358255117924415	0.23112717924130854	0.23333235225534782	0.14227144518015614	0.1896558758485638	0.15002966866168377	0.19225271092310817	0.0959920105113372	0.0959920105113372	0.15159763357125222	0.15159763357125222	0.09935038243610732	0.1914742994987697	0.17813803457221242	0.13258837646164195	0.17656600332856143	0.1891594245348549	0.18986789896362452	0.13929105226626295	0.17656600332856143	0.18391579971917604	0.18757773097980307	0.045013884820375445	0.04254088139230352	0.04019408931037371	0.21521028323442412	0.2516136524822176	0.17463972811116643	0.10462089789351024	0.3710557506260562	0.1473237886836422	0.28828847357195964	0.03189744742695652	0.3972484529320692	0.03189744742695652	0.13459205012710837	0.15518926479225556
G1-139	0.31458510010698015	0.01691023020787828	0.21553000837996486	0.10391773596618036	0.10391773596618036	0.07252916508074322	0.1907697416481266	0.19258489416043736	0.10391773596618036	0.0	0.1485916505478438	0.05013239724260439	0.18096858782588643	0.1676968273221628	0.025677092382610168	0.16504452393862615	0.20025141891011108	0.5720360780542711	0.2252698624164469	0.4345234923632129	0.7295151182429574	0.0579376439406753	0.17536151881688736	0.22029514259930083	0.654770176215929	0.34447401620656903	0.1483352703928732	0.15588147695499321	0.06627765390472017	0.11469116932485847	0.48547047654211267	0.07246688592805449	0.06940978611788959	0.16121493497165212	0.16121493497165212	0.11722665153857545	0.16738935259179555	0.0751262077347885	0.07246688592805449	0.38084972376114434	0.3231165212218701	0.06361833209798616	0.3892352815040318	0.11642099537303863	0.7334434190889988	0.2572011499249095	0.11251120428113645	0.06675886636621173	0.19088917528238022	0.18264752438177656	0.18865628291645872	0.20372433886809022	0.1499351976011663	0.26594289734530485	0.16880256862358353	0.3159974267966785	0.17828553270134592	0.30171058566021275	0.0671334279113956	0.12276617624906949	0.2821560119638273	0.10734537184485768	0.3792173327898058	0.26255869807813964	0.17751204733786227	0.06058455850081293	0.15588147695499321	0.06361833209798616	0.15854079876172722	0.11974808747609379	0.11974808747609379	0.0751262077347885	0.0751262077347885	0.12308092552724935	0.16738935259179555	0.20323296942911515	0.21001922341360868	0.252319674817043	0.25607953230079733	0.2639607521704721	0.1700777028302626	0.252319674817043	0.2511637867541454	0.15404431860642473	0.06882310760092814	0.06642984186983934	0.06913279360738718	0.24744999419814756	0.280631871613307	0.20912541909507937	0.14334689305861792	0.39423625126573414	0.16480861662211768	0.3215015793345012	0.07252916508074322	0.3910270086902076	0.07252916508074322	0.17771860982793874	0.18899861839002624
G1-14	0.3137691540116141	0.13556152351785625	0.17778053908292524	0.06240927141473562	0.06240927141473562	0.0812885128569281	0.19423145563722874	0.19597446519280856	0.06240927141473562	0.1485916505478438	0.0	0.19327891127417585	0.21270698499918375	0.2357501189759261	0.15208895892324117	0.23329905792148098	0.11960635793802346	0.5286177854044253	0.14292564655875742	0.43546178497579374	0.7092066154024509	0.1870721455428874	0.2828342277838963	0.3189910254364442	0.6660129875664147	0.35465518450292866	0.2345160353958476	0.2309211883302839	0.1948488622139979	0.1457543654662174	0.4922035929600344	0.20040531660332703	0.19307810682412405	0.23583254421638175	0.23583254421638175	0.14815510207219398	0.24151830422934126	0.20279275340808026	0.20040531660332703	0.4389119002252219	0.3632860193887062	0.19246142540924463	0.4030316184366767	0.13845878074564552	0.7390301096929937	0.2582102132325001	0.15241838814145925	0.20353478722995152	0.2884210119996236	0.28925884000328944	0.297821642570092	0.2223889664744233	0.2632020658226661	0.2889132638564986	0.2843542388198846	0.40086329140352633	0.28571287772666853	0.38428406162713824	0.19561714319259718	0.1533274429223773	0.2905766548904497	0.13769417347210333	0.385859667543225	0.2775232499685901	0.27478893789753406	0.1851342084669374	0.2309211883302839	0.19246142540924463	0.2333700452947029	0.1505425388769472	0.1505425388769472	0.20279275340808026	0.20279275340808026	0.1536982566602998	0.24151830422934126	0.22339289996209966	0.18627714772122705	0.12362615753839587	0.13628688742434056	0.1377148398747805	0.08785747785264857	0.12362615753839587	0.13093985646324582	0.22855862489761636	0.0930475918719705	0.09082914198906093	0.09797400858063718	0.24886055323050757	0.28730347489601515	0.2197453380185944	0.15773429912500125	0.3345325477139736	0.09178116363834046	0.32048003406281467	0.0812885128569281	0.4160810061973158	0.0812885128569281	0.181728217154403	0.19253099442982693
G1-140	0.34953764762994144	0.06704262745048267	0.256703923423275	0.15121386045769006	0.15121386045769006	0.11982528957225293	0.2320362199030884	0.23375880920374756	0.15121386045769006	0.05013239724260439	0.19327891127417585	0.0	0.22250618024101365	0.12389131516782151	0.07567718131305191	0.12109941660800949	0.24114441914771698	0.5619034159209279	0.1914148686936	0.46351711062759876	0.7254413594340064	0.00835494435117889	0.13761662205213077	0.18643604086474824	0.6483262725190713	0.32044607651680396	0.1920025869356246	0.11133033635993801	0.01699737586085396	0.07050967619313685	0.47089517353110905	0.023513265028320508	0.020431152652649776	0.11694528522352306	0.11694528522352306	0.07317169209332515	0.12344557810878365	0.026312941319010054	0.023513265028320508	0.4123076575620829	0.2875893557782335	0.014197699570164412	0.364150949458899	0.07255651274078699	0.7295323079241597	0.295286598086909	0.06833728114557448	0.017640820004816725	0.15385524716576157	0.14532646012077383	0.1517850460602689	0.16798923190536794	0.1096129862044839	0.22940614345879096	0.1306655738173036	0.2903797872973707	0.14058363518739386	0.2747301748445547	0.017898316164735452	0.07910298410311685	0.2464262451310569	0.1531186101367063	0.35788021259987596	0.22594908986985804	0.1394842124115063	0.011141437463862126	0.11133033635993801	0.014197699570164412	0.11413001265062755	0.07581896073542703	0.07581896073542703	0.026312941319010054	0.026312941319010054	0.07931812465656626	0.12344557810878365	0.1673763668459507	0.1706985874524458	0.2173449652190083	0.22119509738785353	0.23009131556929632	0.1312559091374265	0.2173449652190083	0.21596148060466924	0.10989073450921753	0.11588020309106226	0.113607881226773	0.116428514985482	0.215735743493429	0.31751595851883074	0.17402284626257492	0.10176126051717739	0.42529551267982907	0.1258402443243201	0.35629015784311774	0.11982528957225293	0.4219142993388333	0.11982528957225293	0.2198793574832055	0.23035541459672418
G1-141	0.3503761012425069	0.1910090989260084	0.05502731482103841	0.1687632005429646	0.1687632005429646	0.1493311262104768	0.029906161141597408	0.03208214562742578	0.1687632005429646	0.18096858782588643	0.21270698499918375	0.22250618024101365	0.0	0.29969995197249727	0.18058223428020387	0.297475357441259	0.2505326226756482	0.47813191931289845	0.27042726930763805	0.31630858981201687	0.6695766020478668	0.22860012713808947	0.3100397477511607	0.3364549423369965	0.5930650416892715	0.2710638255938138	0.27672551092716713	0.3064081112930889	0.23200284454656447	0.1865931102226147	0.485740761598676	0.22409349335538453	0.22120041551814876	0.3033226670717828	0.3033226670717828	0.18075659649711154	0.30349870099031157	0.22631808788662278	0.22409349335538453	0.4515221264129871	0.43328183342802395	0.22979459559401835	0.41138842013549043	0.17976874450711544	0.7094351963880801	0.2955268895169558	0.16706873186430649	0.21503918603947936	0.30546803878330187	0.2981853540593833	0.1881200713093883	0.24403958638005754	0.28797297763911034	0.3065254034171708	0.3047496528893747	0.3888302077730495	0.3127788127609689	0.39843062251213224	0.22753988726679142	0.18016713995078848	0.3208340214166075	0.16474228549385708	0.40243453074467694	0.30344898173733637	0.29837551901293535	0.22691023229524607	0.3064081112930889	0.22979459559401835	0.308616360245635	0.18297466884736568	0.18297466884736568	0.22631808788662278	0.22631808788662278	0.18057222824268815	0.30349870099031157	0.2472579098697192	0.25717123912066214	0.2970881336507009	0.2957705859193631	0.3068025457061241	0.22421610248147286	0.2970881336507009	0.2962520682559468	0.30356174112757917	0.14574099609832986	0.143816347507575	0.13814448957572764	0.29548165455242664	0.12951198563229674	0.2566462038015068	0.20234835601925003	0.4148295935073501	0.22319303770710414	0.3509607816836968	0.1493311262104768	0.35987449168101365	0.1493311262104768	0.22830065017056472	0.027782958409600673
G1-142	0.4182593460238122	0.16332976707456365	0.29771296309875916	0.18527715219680413	0.18527715219680413	0.21106777937176685	0.31239251635374776	0.313946276191559	0.18527715219680413	0.1676968273221628	0.2357501189759261	0.12389131516782151	0.29969995197249727	0.0	0.1453687272543543	0.0031665715285599133	0.3171771369886931	0.6057346732298333	0.26811118016223917	0.5164545995531142	0.7539589105963299	0.13188082420389854	0.24476807786304428	0.2800688139676671	0.6889814745522633	0.3786281020906102	0.26864985705990974	0.039567092977084994	0.13042221718665511	0.17788572863429244	0.5345831327141707	0.12470284795990003	0.12130828748169704	0.03355674395741655	0.03355674395741655	0.17568555964225405	0.026504068146810333	0.12222223845302248	0.12470284795990003	0.4779398190079718	0.19795894831370628	0.1328567609853892	0.4452176176549053	0.17452797050732174	0.7560437016779746	0.363161450937532	0.15923429120994861	0.10785349335575359	0.21920962954607276	0.22944734356254548	0.23126262819653082	0.23662606308733192	0.21479475686256091	0.3266095631643153	0.23809198681358337	0.374586735976571	0.24798608654917942	0.360504168474477	0.12963586711302855	0.1749738059554128	0.3288123212025534	0.2418242408637118	0.42941316633180626	0.3228665648785442	0.2289801092216267	0.12947110829771538	0.039567092977084994	0.1328567609853892	0.03657963939147386	0.1734858695163101	0.1734858695163101	0.12222223845302248	0.12222223845302248	0.1705602373570917	0.026504068146810333	0.2546908196953981	0.0909561058907099	0.15444660300275753	0.14673460558809379	0.16957236259979766	0.2276037666720503	0.15444660300275753	0.14749588778815095	0.038853826597844664	0.22167679018811662	0.21967637608670612	0.2137738706018123	0.29768707542582856	0.3834630417837137	0.25171487724571	0.18582373429532278	0.4816970531163988	0.22637288920313342	0.41884110382620904	0.21106777937176685	0.48299991029450273	0.21106777937176685	0.29418888466137816	0.31087639545987394
G1-143	0.3183574656094124	0.019649023800557688	0.21924571785800304	0.09758688911485609	0.09758688911485609	0.0755850486711293	0.194310205733445	0.19613079156742616	0.09758688911485609	0.025677092382610168	0.15208895892324117	0.07567718131305191	0.18058223428020387	0.1453687272543543	0.0	0.1476826391794822	0.1999164856339643	0.5720657176483622	0.22113874718970714	0.43341571420540387	0.7302024006399883	0.08339482666989789	0.197382239695491	0.23333303957695498	0.6609304465434236	0.3348951287864731	0.14305565280124402	0.1763288574726456	0.08162317607191538	0.12936152757098687	0.4967065606181216	0.07588836728428913	0.07279492010905564	0.17191227342966744	0.17191227342966744	0.12714281319900714	0.16673977437346138	0.07340223974874029	0.07588836728428913	0.38828682086505645	0.31361290127392855	0.08406544273060154	0.3941444905502138	0.12628341475546248	0.732839304422023	0.25379764929299686	0.11131698736559191	0.05976222253000864	0.17187876682406242	0.18225813545089795	0.18409980727387362	0.18954344264213757	0.16697196620515176	0.27081062086448193	0.19088917528238022	0.33072548961091847	0.20035023164429894	0.3158014766157144	0.08083447840272452	0.12642518121748683	0.2724271812651669	0.1107510995841024	0.38706887162257947	0.26738575080083743	0.18135098734533903	0.0809777398597203	0.1763288574726456	0.08406544273060154	0.17413260387226437	0.12492514731187247	0.12492514731187247	0.07340223974874029	0.07340223974874029	0.12197648292343988	0.16673977437346138	0.20717029308242804	0.2144148690788852	0.26228500914885317	0.2564215063992623	0.2738249685620775	0.1796499614361525	0.26228500914885317	0.25699971009584127	0.1742764610838347	0.08801593685266908	0.08567199315783504	0.07875585489162051	0.2513308104897909	0.2775856184855606	0.20473370041541314	0.1376784391596242	0.3926892819316192	0.17870640432092072	0.31903912823710884	0.0755850486711293	0.3947817960111133	0.0755850486711293	0.1729804782043672	0.19253372255064005
G1-144	0.41639361873205544	0.16064644336820053	0.2954606259405463	0.18266421696187649	0.18266421696187649	0.20853755844718175	0.3101872586680651	0.31174600164073973	0.18266421696187649	0.16504452393862615	0.23329905792148098	0.12109941660800949	0.297475357441259	0.0031665715285599133	0.1476826391794822	0.0	0.314987224280602	0.6044702067097084	0.2657639057602015	0.5149037987671067	0.7531565461660507	0.12909663914186148	0.2423459387206172	0.2777598894447089	0.6879903507472999	0.37665423313280016	0.26630431027340407	0.03646621021836463	0.1328567609853892	0.1800620923024559	0.5330804737269252	0.12187683707702486	0.11849021065791203	0.03043645600390048	0.03043645600390048	0.17302415308571198	0.02955423589250788	0.12470284795990003	0.12187683707702486	0.4762654957146642	0.1948121720123404	0.13005707607295086	0.44302308640961324	0.17188056103763924	0.7552612981779538	0.3611190166148536	0.156563489168602	0.11037470909264928	0.2211414188928969	0.22699959546985018	0.2331353076534551	0.23420110611334777	0.21227648889944206	0.32394585861827296	0.23566401192696088	0.37260002909167333	0.24555811166255692	0.3584532118880895	0.12682578312512807	0.1723101014093705	0.32612454316635675	0.23937637165557216	0.42758321094536184	0.3202098586637904	0.2265073357565434	0.12667919492461593	0.03646621021836463	0.13005707607295086	0.039567092977084994	0.17568555964225405	0.17568555964225405	0.12470284795990003	0.12470284795990003	0.17277550676833242	0.02955423589250788	0.2522844919131833	0.08802113925477781	0.15171662370784397	0.14907879012011693	0.16689121879021998	0.2251099848104402	0.15171662370784397	0.1498358969655238	0.03579093875138872	0.21918059391159989	0.21717376418982953	0.21125232850726489	0.2954346552420654	0.38148571765919426	0.24933031444809178	0.18321255202906156	0.4800347798219519	0.2238917540024367	0.4169772423167415	0.20853755844718175	0.48135238431438004	0.20853755844718175	0.2919252452686146	0.30866627535292174
G1-15	0.34841920784955593	0.18906565322094385	0.2590203140040108	0.1709740594914829	0.1709740594914829	0.14755962463602557	0.24398413141131517	0.2385763574735642	0.1709740594914829	0.20025141891011108	0.11960635793802346	0.24114441914771698	0.2505326226756482	0.3171771369886931	0.1999164856339643	0.314987224280602	0.0	0.5374255615059459	0.1887696261263232	0.45105766056137	0.7076214850170282	0.23948166984354527	0.3189669336679011	0.3479164128871218	0.6256521967550833	0.3784859181110349	0.2781093695707958	0.31646136124370905	0.24289334180671177	0.19799458176659318	0.5061030435340049	0.24416135904543487	0.241272005960813	0.3171853601347098	0.3171853601347098	0.19627256525516784	0.3222658174954964	0.24634951214405992	0.24416135904543487	0.4594925727068581	0.43841107881645863	0.24070994123621076	0.38297948961288814	0.1952308256129943	0.7404543427426781	0.29670825029325765	0.19986899046695675	0.24674639331696355	0.3210261453298736	0.32483064296939534	0.32933373100142455	0.1733037458889954	0.2948739392730773	0.3252021675331593	0.32030058927439475	0.423823725759883	0.3216957436491327	0.409024009694829	0.24359596359910396	0.20090928988685972	0.326994378814402	0.18510307263814127	0.4115537313483604	0.3221356828495054	0.2785695334589818	0.23783431978359407	0.31646136124370905	0.24070994123621076	0.31864476181421003	0.1984607183537929	0.1984607183537929	0.24634951214405992	0.24634951214405992	0.20135302261595442	0.3222658174954964	0.26531990448154846	0.2766548650088526	0.22464176374944236	0.22803698408392273	0.2357510168787798	0.14905403325547004	0.22464176374944236	0.22345948595545087	0.32082959204069494	0.14938940053505673	0.15562224140423592	0.15416548547210407	0.2154902511746942	0.31666533876153874	0.13586794961680815	0.20431553132409797	0.3176997812518376	0.13199562427247957	0.24997814825304365	0.14755962463602557	0.4403547891833735	0.14755962463602557	0.22996773300529874	0.24251636283581413
G1-177	0.611770940860052	0.5686710135995229	0.48799167243276553	0.5562232270268227	0.5562232270268227	0.5443624921920694	0.47440119522040924	0.4750653657602634	0.5562232270268227	0.5720360780542711	0.5286177854044253	0.5619034159209279	0.47813191931289845	0.6057346732298333	0.5720657176483622	0.6044702067097084	0.5374255615059459	0.0	0.5201188441681903	0.4237519950692712	0.5409120139594288	0.5613481455678658	0.49383545494161124	0.5064011567369042	0.6284373334763345	0.37442596377782483	0.5022736928323801	0.6066026850955976	0.5641248947324015	0.5382005850779203	0.46368533760248126	0.5634267569714188	0.5613556420203446	0.6056055015434151	0.6056055015434151	0.5357661362027584	0.6085399793881384	0.5646906366446032	0.5634267569714188	0.589114251866791	0.6760388408335194	0.562864210641374	0.6216151352242029	0.5343130606510065	0.6307944427756824	0.5030880878812993	0.536568803478634	0.5637199207753767	0.493979971102553	0.4954947968815018	0.5061934372001062	0.557708051611283	0.583564113178997	0.609877069842054	0.4944761876345956	0.3942481659621563	0.49581544859412036	0.5852682884660159	0.5645305848873119	0.5380192491850497	0.6121234130221861	0.5565482963652393	0.6159995377622091	0.6077477005898521	0.5871784687421279	0.5607990261789367	0.6066026850955976	0.562864210641374	0.607863369186625	0.5370300158759428	0.5370300158759428	0.5646906366446032	0.5646906366446032	0.5387006140474818	0.6085399793881384	0.5603055482179624	0.5818115782880796	0.5513319652015909	0.5537026712940532	0.5550744501612815	0.507592443377974	0.5513319652015909	0.551469331957733	0.6069603148441717	0.5473702415850109	0.5467999169723983	0.5451257477035351	0.570204681488563	0.492663334821481	0.5585961118543606	0.5373695758516734	0.6048931524133611	0.5062489921057893	0.5290363340296819	0.5443624921920694	0.47710021954148996	0.5443624921920694	0.48319759665606626	0.4737543895659194
G1-178	0.3703363597901448	0.21417158016991386	0.2895487106038505	0.19147763477165286	0.19147763477165286	0.17155291329116815	0.2672618779617038	0.26875159145305166	0.19147763477165286	0.2252698624164469	0.14292564655875742	0.1914148686936	0.27042726930763805	0.26811118016223917	0.22113874718970714	0.2657639057602015	0.1887696261263232	0.5201188441681903	0.0	0.40133316504295263	0.7027134087001116	0.18952129588467806	0.27940818703403403	0.3083335411576784	0.6357545076446649	0.344606089408073	0.2989331384167261	0.2715883845712468	0.1929368159762287	0.14493555221853222	0.4870987876064051	0.1898954433843304	0.18692537119135222	0.2681622490480611	0.2681622490480611	0.1385684432043336	0.2736074610743568	0.19224069632552715	0.1898954433843304	0.47818346739869416	0.3979609190803762	0.19060254245554178	0.3911968933437528	0.13771985622534552	0.7345333135333528	0.31629078209468375	0.14282379964977454	0.19304331817675424	0.27769699360006433	0.282132064337198	0.28709138389794386	0.21244569640211095	0.26006947951366427	0.2768677181313422	0.2809054243148621	0.39604228783388407	0.28222295380775697	0.37959530304200234	0.19368798892506708	0.1436719846717105	0.2784060353265603	0.20522735421310528	0.38138491370475525	0.27369367583262855	0.271403870419613	0.18764469834963354	0.2715883845712468	0.19060254245554178	0.27392265809193367	0.14091369614553034	0.14091369614553034	0.19224069632552715	0.19224069632552715	0.1440136552306293	0.2736074610743568	0.217215666038074	0.22484265539951556	0.16923257909294423	0.17274279539267726	0.18197331508368517	0.088243146107283	0.16923257909294423	0.16770726615711787	0.276874152775349	0.18144283527716834	0.1795756966614376	0.1740727112344866	0.25319602534993985	0.33610231467947294	0.21743517651671	0.10178395765714078	0.3757187752477893	0.08775234955940026	0.3409916682697391	0.17155291329116815	0.46106193403241	0.17155291329116815	0.24985885943665004	0.26580890386576345
G1-180	0.5064307396148561	0.42893858100718824	0.33114906970301633	0.4132990140087133	0.4132990140087133	0.39885422951042215	0.313871955049423	0.3149579617935008	0.4132990140087133	0.4345234923632129	0.43546178497579374	0.46351711062759876	0.31630858981201687	0.5164545995531142	0.43341571420540387	0.5149037987671067	0.45105766056137	0.4237519950692712	0.40133316504295263	0.0	0.6201735543893448	0.4626841966612273	0.3799861849776709	0.37471602963100886	0.5773621003086971	0.23666429765215766	0.34553395820799193	0.5178457692541478	0.4657842887717279	0.4340110272730234	0.509426483001505	0.4646224611230413	0.4622353610451097	0.516347007042157	0.516347007042157	0.4307017490767724	0.5199456095033785	0.4661723792833667	0.4646224611230413	0.4828287362838553	0.602563968255388	0.46423917355649785	0.5439239592977011	0.42924331869274723	0.666615343483666	0.29478031839533186	0.43217073453399374	0.46543823852472865	0.37939341434917756	0.3820179645963064	0.39619742851463385	0.4635841129972922	0.4952371591208901	0.5217216094315092	0.38094729375450265	0.4420917294188838	0.382237919859461	0.49828829982732326	0.46628150931689255	0.4336262018025883	0.5240170920820205	0.4173026729977091	0.5472774251492318	0.5192465114880642	0.5005375827545749	0.4618600426549771	0.5178457692541478	0.46423917355649785	0.5193908844693779	0.43225166723709774	0.43225166723709774	0.4661723792833667	0.4661723792833667	0.43430035153799396	0.5199456095033785	0.46676127453936933	0.4873137169474597	0.503895042974132	0.5066303572370146	0.5087833860489803	0.45214747496850666	0.503895042974132	0.503916658911533	0.5190987147218667	0.4038271758603775	0.4028854997582116	0.40011776559453266	0.4822364860714686	0.344404512851209	0.4652960044402545	0.4079876170096182	0.5444258852598709	0.4507273210723625	0.3064423690077514	0.39885422951042215	0.4331632516845718	0.39885422951042215	0.32157281153949185	0.31281367465856724
