	G1-11	G1-12	G1-13	G1-130	G1-131	G1-132	G1-135	G1-136	G1-138	G1-139	G1-14	G1-140	G1-141	G1-142	G1-143	G1-144	G1-15	G1-175	G1-176	G1-177	G1-178	G1-180	G1-182	G1-187	G1-188	G1-189	G1-190	G1-192	G1-193	G2-1100	G2-1101	G2-1102	G2-1103	G2-1104	G2-1105	G2-1106	G2-1107	G2-1108	G2-1109	G2-1110	G2-1111	G2-1113	G2-194	G2-197	G2-198	G2-199	G2-21	G2-210	G2-211	G2-212	G2-213	G2-214	G2-215	G2-216	G2-217	G2-218	G2-219	G2-22	G2-220	G2-221	G2-222	G2-223	G2-224	G2-23	G2-24	G2-25	G2-26	G2-27	G2-28	G2-29	G2-313	G2-314	G2-315	G2-316	G2-317	G2-318	G2-319	G2-320	G2-321	G2-322	G2-323	G2-324	G2-325	G2-326	G2-327	G2-328	G2-329	G2-330	G2-413	G2-414	G2-415	G2-416	G3-417	G3-418	G3-419	G3-420	G3-421	G3-422	G3-423	G3-424	G3-425	G3-426	G3-427	G3-428	G3-429	G3-430
G1-11	0.0	0.059623701239321245	0.030936051008452023	0.03366229419810549	0.03721874183723267	0.033662306307175587	0.1982578082974116	0.03353093819102958	0.03366229419810549	0.044813000712249425	0.03973009414078486	0.15927526114026064	0.1650970007610553	0.16776609651060043	0.16776609651060043	0.16776609651060043	0.09995188421795202	0.47651319141449183	0.2320669233829297	0.34925396983353785	0.15481198953392625	0.39699529007887385	0.48158332990639346	0.15927526114026064	0.0749677487683322	0.07234241978866099	0.26407446259086353	0.07516385215118504	0.05611835934498892	0.16524107688679068	0.16524107688679068	0.16524107688679068	0.36653241791781765	0.22622818695847532	0.1741134563337183	0.0816018837243564	0.1741134563337183	0.1741134563337183	0.1741134563337183	0.1741134563337183	0.1741134563337183	0.17058889577299735	0.1451312867298717	0.01783837069488433	0.3061905225804004	0.16524107688679068	0.23072928666588258	0.312411212282694	0.35546919370768515	0.17525284616295472	0.1650970007610553	0.16776609651060043	0.07516385215118504	0.06984101379643835	0.19662779638464067	0.172523420133606	0.07604181072065552	0.4377848134484743	0.07358758254127357	0.33108481766934783	0.164793080260374	0.16830830362985427	0.16609915515063547	0.36240432625803964	0.2741742850750067	0.3218858779149605	0.11333576968038613	0.21284198782541575	0.21989963967333206	0.256847801890905	0.17058889577299735	0.16524107688679068	0.07807732316363546	0.16524107688679068	0.17058889577299735	0.17058889577299735	0.1741134563337183	0.0816018837243564	0.1741134563337183	0.1741134563337183	0.1687958218509012	0.1687958218509012	0.21154722801612638	0.13525750119759983	0.21154722801612638	0.21154722801612638	0.23712596121279317	0.21904562074640496	0.14407069292122607	0.15629980051759815	0.05993238821443602	0.07291196405395978	0.008901543073079842	0.14407069292122607	0.061463454778941586	0.05611835934498892	0.26844853962333876	0.15481198953392625	0.07136860623597754	0.20660984081888698	0.00539620117874752	0.03366229419810549	0.1532162464054221	0.028266093019357973	0.09097148605038494	0.1494668940999736
G1-12	0.059623701239321245	0.0	0.08544797878318927	0.09328599543742673	0.09004980521546195	0.09328600754649682	0.2474511487434253	0.0928315987776248	0.09328599543742673	0.09367420370126646	0.09228281787949741	0.11367257053935884	0.11261055070344916	0.1154474400300747	0.1154474400300747	0.1154474400300747	0.14638352197431956	0.501444900472532	0.18337682730931357	0.3252722957444799	0.10837761902321943	0.36748663849425517	0.4598415189344114	0.11367257053935884	0.024559685097586628	0.02163950025954322	0.23684488233819728	0.01702372529838474	0.015061706511770915	0.11986111169704648	0.11986111169704648	0.11986111169704648	0.3441076399015624	0.18606587278148976	0.12224785852918948	0.023926567800530513	0.12224785852918948	0.12224785852918948	0.12224785852918948	0.12224785852918948	0.12224785852918948	0.12552356212185584	0.19682081123960427	0.07012552689567741	0.2720219863779887	0.11986111169704648	0.18241915771830125	0.2789200934692631	0.3300716883171602	0.14514350777093493	0.11261055070344916	0.1154474400300747	0.01702372529838474	0.01695958812998807	0.15311580368321617	0.12099535956651675	0.018180674632250274	0.4087620870429945	0.01540896925168494	0.3029631289452353	0.1195141124351174	0.11622518277603272	0.1137302599803439	0.32432718320333004	0.23082805372781767	0.29577197573257324	0.15239595273123316	0.17331581844310812	0.1811492363600439	0.22460971866160181	0.12552356212185584	0.11986111169704648	0.027569198900472193	0.11986111169704648	0.12552356212185584	0.12552356212185584	0.12224785852918948	0.023926567800530513	0.12224785852918948	0.12224785852918948	0.12188812829931532	0.12188812829931532	0.1810942592585743	0.0843113797676034	0.1810942592585743	0.1810942592585743	0.21161968479582272	0.1794336243021886	0.10771354109619148	0.12113304333153166	0.11628679837885758	0.11936814957242807	0.051177718834831624	0.10771354109619148	0.009484413854716269	0.015061706511770915	0.23791592140050044	0.10837761902321943	0.11789473621030568	0.16605695765985432	0.06501990241806876	0.09328599543742673	0.11775126343830314	0.08788979425867921	0.053298711147737966	0.11339807405476497
G1-13	0.030936051008452023	0.08544797878318927	0.0	0.008300790072155275	0.011960688747686441	0.008300802533457703	0.18136913929452558	0.008307017528125423	0.008300790072155275	0.014684567046377967	0.014685491173188594	0.13275718763860986	0.13866368522450565	0.14141728546164908	0.14141728546164908	0.14141728546164908	0.07317367401177971	0.49100710878955084	0.25835284966817035	0.35804942775605725	0.127830509693798	0.4178962154495691	0.49976357455440773	0.13275718763860986	0.10046503668411796	0.09790022653542255	0.2774196682203979	0.10082239408026136	0.08705441035344094	0.13883901911136923	0.13883901911136923	0.13883901911136923	0.3845050758033235	0.24795895507590912	0.14799201739120443	0.10725231571527381	0.14799201739120443	0.14799201739120443	0.14799201739120443	0.14799201739120443	0.14799201739120443	0.14435598075160544	0.1583550561998687	0.04849704934074823	0.28875640289428145	0.13883901911136923	0.25677535949687297	0.29531719190968375	0.38079986123769494	0.20228422303113647	0.13866368522450565	0.14141728546164908	0.10082239408026136	0.09548542014929869	0.21918878949238624	0.14656556933849813	0.10160940601209144	0.42309118511603383	0.09921675227729933	0.314292237899355	0.1384490494018629	0.1420751496872284	0.1397242369855501	0.34319963921644436	0.29912178235267023	0.34115238977319545	0.13682176080646305	0.24377803883386776	0.25055831831919595	0.2403502704754791	0.14435598075160544	0.13883901911136923	0.10371840435735781	0.13883901911136923	0.14435598075160544	0.14435598075160544	0.14799201739120443	0.10725231571527381	0.14799201739120443	0.14799201739120443	0.1425061948376084	0.1425061948376084	0.192746479670811	0.15953962697288473	0.192746479670811	0.192746479670811	0.250283587809473	0.19583127593599073	0.121920782057595	0.1348259231067636	0.0891721514488598	0.09714255823103587	0.03459003203572055	0.121920782057595	0.08729265753758723	0.08705441035344094	0.2890011440644771	0.127830509693798	0.09563576145435619	0.18288059805102405	0.03633225218719954	0.008300790072155275	0.1315729190648366	0.0027476225434904366	0.12076521363699995	0.12747394958625985
G1-130	0.03366229419810549	0.09328599543742673	0.008300790072155275	0.0	0.0036803361990060558	1.253088855158471e-08	0.18367217286745022	0.011096922407472726	0.0	0.022846499085701917	0.012030391325336561	0.14059856972594828	0.136253771463156	0.1390150759372983	0.1390150759372983	0.1390150759372983	0.07578350430480618	0.49025745737286	0.2563199693442521	0.35681281671391196	0.12536993497039142	0.4166492243671645	0.4988395564993061	0.14059856972594828	0.10815227524583071	0.0954563480627198	0.27218259100296793	0.09837752767840136	0.07941680021654023	0.14668528112671636	0.14668528112671636	0.14668528112671636	0.389257378926126	0.24625459838503222	0.14561061783652887	0.1048273218464431	0.14561061783652887	0.14561061783652887	0.14561061783652887	0.14561061783652887	0.14561061783652887	0.14196441831558246	0.15202675018791129	0.04072097970976688	0.28202172671731074	0.14668528112671636	0.25475651897999385	0.2886812794982415	0.3758559308477492	0.1961610753091322	0.136253771463156	0.1390150759372983	0.09837752767840136	0.09302604250053315	0.2173458934777208	0.14419973049212811	0.10931391121038508	0.42175939809145213	0.1069480609042127	0.32014418421251767	0.14627497891428792	0.14989123486600064	0.1475680891922852	0.3414516075927655	0.29730653070219853	0.3398417031494766	0.13468246712775458	0.23699072931892923	0.2438686456126187	0.23423010793551385	0.14196441831558246	0.14668528112671636	0.1012838112327387	0.14668528112671636	0.14196441831558246	0.14196441831558246	0.14561061783652887	0.1048273218464431	0.14561061783652887	0.14561061783652887	0.14010946216909725	0.14010946216909725	0.1859775979080817	0.15739071524513562	0.1859775979080817	0.1859775979080817	0.2447099449440638	0.1937191645294681	0.12472632704276941	0.13759023496283798	0.08196633071224783	0.09482411373373426	0.04256383727118533	0.12472632704276941	0.08479089534898127	0.07941680021654023	0.287483892000273	0.12536993497039142	0.09330956193386625	0.18072122093522508	0.02841945008942991	0.0	0.13434762457217855	0.005553167528664839	0.11358720637157106	0.11983864357830283
G1-131	0.03721874183723267	0.09004980521546195	0.011960688747686441	0.0036803361990060558	0.0	0.0036803487298946074	0.18667653371990212	0.014736418201245	0.0036803361990060558	0.02646275503741464	0.00841159771049107	0.144214825677661	0.13308963822386233	0.13586105809414967	0.13586105809414967	0.13586105809414967	0.07920385066199521	0.4892761940274002	0.25365121786014105	0.35932576386492837	0.1290502711693975	0.41501444218903966	0.49762900986920283	0.144214825677661	0.11165824635260972	0.09899042094553619	0.2750178740916004	0.09516808676099348	0.08299254328462631	0.15031141946594978	0.15031141946594978	0.15031141946594978	0.3916582887824662	0.24401957887230621	0.1424839432010246	0.1016439877822644	0.1424839432010246	0.1424839432010246	0.1424839432010246	0.1424839432010246	0.1424839432010246	0.14561061783652887	0.1551475768349835	0.03730967633013219	0.27936956443921085	0.15031141946594978	0.2521063498929173	0.2860781780932118	0.374024972999302	0.19928335855469906	0.13308963822386233	0.13586105809414967	0.09516808676099348	0.08979755228474817	0.2149286759737041	0.14109365049171335	0.10617190580537411	0.4200127804050463	0.10378931205940067	0.3230239553229399	0.14989123486600064	0.14680586650277494	0.14446580384307534	0.3391572248141916	0.29492431082905957	0.34243687258448496	0.13187571762664713	0.23425261340942294	0.2411797580313089	0.23175986163018217	0.14561061783652887	0.15031141946594978	0.1048273218464431	0.15031141946594978	0.14561061783652887	0.14561061783652887	0.1424839432010246	0.1016439877822644	0.1424839432010246	0.1424839432010246	0.13696265581818262	0.13696265581818262	0.18940386700320438	0.15457083682133085	0.18940386700320438	0.18940386700320438	0.24766165051605266	0.1971454336245908	0.12838622571830058	0.14119634406259024	0.0853450032572339	0.09817399448096908	0.0391466125096981	0.12838622571830058	0.08836663841706735	0.08299254328462631	0.2902677088582261	0.1290502711693975	0.09666504774415241	0.18416864570168048	0.03199519315751599	0.0036803361990060558	0.13796729243171155	0.009213066204196005	0.11703022423570895	0.12351897977730888
G1-132	0.033662306307175587	0.09328600754649682	0.008300802533457703	1.253088855158471e-08	0.0036803487298946074	0.0	0.18367218309676325	0.011096934799306981	1.253088855158471e-08	0.022846511398408653	0.012030403751204993	0.14059858203865502	0.13625378389040338	0.13901508836454565	0.13901508836454565	0.13901508836454565	0.07578351595047568	0.4902574573303711	0.2563199602901205	0.35681282527004893	0.12536994750128	0.4166492188165776	0.4988395523875425	0.14059858203865502	0.10815228718303721	0.09545636009560785	0.2721826006566013	0.0983775397553119	0.07941681239130781	0.14668529347307085	0.14668529347307085	0.14668529347307085	0.389257387100796	0.2462546084512227	0.14561063025118814	0.10482733391146493	0.14561063025118814	0.14561063025118814	0.14561063025118814	0.14561063025118814	0.14561063025118814	0.1419644307302417	0.15202676081376956	0.04072099177478871	0.2820217177204049	0.14668529347307085	0.2547565099886149	0.28868127066746185	0.37585592463189865	0.196161066763667	0.13625378389040338	0.13901508836454565	0.0983775397553119	0.0930260545774437	0.21734590396109263	0.1441997428050521	0.1093139231790939	0.4217593921624393	0.10694807290471298	0.32014419401762484	0.14627499122699467	0.1498912471787074	0.14756810153863972	0.3414515998079235	0.29730652261856905	0.3398416973162589	0.13468247813594983	0.23699072002946858	0.24386863648987728	0.2342301188835857	0.1419644307302417	0.14668529347307085	0.10128382329776053	0.14668529347307085	0.1419644307302417	0.1419644307302417	0.14561063025118814	0.10482733391146493	0.14561063025118814	0.14561063025118814	0.1401094745837565	0.1401094745837565	0.18597760957391707	0.15739072660171483	0.18597760957391707	0.18597760957391707	0.244709954994095	0.19371917619530346	0.12472633950407183	0.1375902472409965	0.08196634221602543	0.09482412513948091	0.042563849380255425	0.12472633950407183	0.08479090752374886	0.07941681239130781	0.28748390147867303	0.12536994750128	0.09330957335869715	0.18072123267309173	0.0284194622641975	1.253088855158471e-08	0.13434763689650223	0.005553179989967267	0.113587218094433	0.1198386561091914
G1-135	0.1982578082974116	0.2474511487434253	0.18136913929452558	0.18367217286745022	0.18667653371990212	0.18367218309676325	0.0	0.1828739524520599	0.18367217286745022	0.1916373273022894	0.18811518778956318	0.2885052901531267	0.29382715239065427	0.2960847115894072	0.2960847115894072	0.2960847115894072	0.231793248524352	0.39636057163854044	0.3897277595238981	0.27188305811785374	0.2860151394695789	0.3323913174483591	0.529422256986462	0.2885052901531267	0.2579375212425997	0.25616625447835917	0.3797022551538337	0.259050051960503	0.2445590190432677	0.29384240441353743	0.29384240441353743	0.29384240441353743	0.4437568945437993	0.2556988100162356	0.3013479224306518	0.2642213931436415	0.3013479224306518	0.3013479224306518	0.3013479224306518	0.3013479224306518	0.3013479224306518	0.29836634877849444	0.2878915765151604	0.21152979937731622	0.4138943562427623	0.29384240441353743	0.38745426037274283	0.4183397965057582	0.47053423903246283	0.325005044472078	0.29382715239065427	0.2960847115894072	0.259050051960503	0.25465222161997747	0.2300895064047823	0.2991473221512748	0.25922468873570553	0.4138181857047629	0.2575986980913034	0.3933356296801796	0.29317495066433896	0.2961498397281572	0.29456828881781766	0.3811275346980707	0.34186331069392967	0.27459344309654937	0.19814690556154033	0.3738659666416113	0.3785050771666603	0.36003336038423744	0.29836634877849444	0.29384240441353743	0.2613088385423215	0.29384240441353743	0.29836634877849444	0.29836634877849444	0.3013479224306518	0.2642213931436415	0.3013479224306518	0.3013479224306518	0.2968495123189164	0.2968495123189164	0.32695696932825313	0.3001076953979865	0.32695696932825313	0.32695696932825313	0.3601693473566124	0.3333577851382544	0.27694127298192545	0.2856876948560502	0.15484556817276657	0.16548479865018703	0.2056021467028926	0.27694127298192545	0.24896906226321894	0.2445590190432677	0.3911103230357591	0.2860151394695789	0.24764612897463562	0.3233345367519025	0.202710017002735	0.18367217286745022	0.2834786314391907	0.1791136534631374	0.2677237142881317	0.2814997923862383
G1-136	0.03353093819102958	0.0928315987776248	0.008307017528125423	0.011096922407472726	0.014736418201245	0.011096934799306981	0.1828739524520599	0.0	0.011096922407472726	0.022772526164504103	0.00637847364506317	0.1398759474746485	0.1457602933205947	0.14849120645932945	0.14849120645932945	0.14849120645932945	0.07032186718146044	0.4932262163624077	0.2643405251649894	0.3617034732497853	0.13507563693726782	0.4215777955573763	0.5024947967309789	0.1398759474746485	0.10762488507964266	0.10509933679206497	0.27842054139384026	0.10802416370220164	0.08934524879271837	0.14592707463020557	0.14592707463020557	0.14592707463020557	0.38786562324463064	0.25298838658473066	0.15500473628725936	0.11439562264947804	0.15500473628725936	0.15500473628725936	0.15500473628725936	0.15500473628725936	0.15500473628725936	0.1513986271875071	0.16001957216090834	0.05097449888453678	0.28998907590618	0.14592707463020557	0.26272226008439015	0.296502318073996	0.38137303915373366	0.20374139920115572	0.1457602933205947	0.14849120645932945	0.10802416370220164	0.10272993511595846	0.22462502761349992	0.15353309302541246	0.10877891554438113	0.42702053753948926	0.10642435564938535	0.3187795830122203	0.14552108758213564	0.14911742301790498	0.14680500644106295	0.348349930212799	0.3044716310782965	0.345024356902593	0.14312938607109593	0.24521975012757108	0.25195076476342637	0.24166484783897801	0.1513986271875071	0.14592707463020557	0.11088998782921343	0.14592707463020557	0.1513986271875071	0.1513986271875071	0.15500473628725936	0.11439562264947804	0.15500473628725936	0.15500473628725936	0.14956406651658	0.14956406651658	0.1943935974967266	0.1658736538934805	0.1943935974967266	0.1943935974967266	0.25144678578136787	0.20205512575389403	0.12408351563861801	0.12659510950032013	0.09132717391982374	0.10397599379233136	0.04238425278743276	0.12408351563861801	0.09466138454986504	0.08934524879271837	0.2934807804239429	0.13507563693726782	0.10249193835844891	0.18924332159467744	0.03889790280252632	0.011096922407472726	0.13365879057198163	0.0055747121895203845	0.12279596782256454	0.12960572585657035
G1-138	0.03366229419810549	0.09328599543742673	0.008300790072155275	0.0	0.0036803361990060558	1.253088855158471e-08	0.18367217286745022	0.011096922407472726	0.0	0.022846499085701917	0.012030391325336561	0.14059856972594828	0.136253771463156	0.1390150759372983	0.1390150759372983	0.1390150759372983	0.07578350430480618	0.49025745737286	0.2563199693442521	0.35681281671391196	0.12536993497039142	0.4166492243671645	0.4988395564993061	0.14059856972594828	0.10815227524583071	0.0954563480627198	0.27218259100296793	0.09837752767840136	0.07941680021654023	0.14668528112671636	0.14668528112671636	0.14668528112671636	0.389257378926126	0.24625459838503222	0.14561061783652887	0.1048273218464431	0.14561061783652887	0.14561061783652887	0.14561061783652887	0.14561061783652887	0.14561061783652887	0.14196441831558246	0.15202675018791129	0.04072097970976688	0.28202172671731074	0.14668528112671636	0.25475651897999385	0.2886812794982415	0.3758559308477492	0.1961610753091322	0.136253771463156	0.1390150759372983	0.09837752767840136	0.09302604250053315	0.2173458934777208	0.14419973049212811	0.10931391121038508	0.42175939809145213	0.1069480609042127	0.32014418421251767	0.14627497891428792	0.14989123486600064	0.1475680891922852	0.3414516075927655	0.29730653070219853	0.3398417031494766	0.13468246712775458	0.23699072931892923	0.2438686456126187	0.23423010793551385	0.14196441831558246	0.14668528112671636	0.1012838112327387	0.14668528112671636	0.14196441831558246	0.14196441831558246	0.14561061783652887	0.1048273218464431	0.14561061783652887	0.14561061783652887	0.14010946216909725	0.14010946216909725	0.1859775979080817	0.15739071524513562	0.1859775979080817	0.1859775979080817	0.2447099449440638	0.1937191645294681	0.12472632704276941	0.13759023496283798	0.08196633071224783	0.09482411373373426	0.04256383727118533	0.12472632704276941	0.08479089534898127	0.07941680021654023	0.287483892000273	0.12536993497039142	0.09330956193386625	0.18072122093522508	0.02841945008942991	0.0	0.13434762457217855	0.005553167528664839	0.11358720637157106	0.11983864357830283
G1-139	0.044813000712249425	0.09367420370126646	0.014684567046377967	0.022846499085701917	0.02646275503741464	0.022846511398408653	0.1916373273022894	0.022772526164504103	0.022846499085701917	0.0	0.029075358231273843	0.11839554796865964	0.14656999436703763	0.14929831897797521	0.14929831897797521	0.14929831897797521	0.08117275233918925	0.49348051353090483	0.26502382750971876	0.3621215817494986	0.13590222046043424	0.42199875604418824	0.5028073939479416	0.11839554796865964	0.08645809259358606	0.08384930406758251	0.2665528835996244	0.10884607546204263	0.10028086872079145	0.12959399847652764	0.12959399847652764	0.12959399847652764	0.37838861658990613	0.24045838110412573	0.138746948907352	0.09826711894131755	0.138746948907352	0.138746948907352	0.138746948907352	0.138746948907352	0.138746948907352	0.13511093127581478	0.1547684953798407	0.04471963690562231	0.2999577988710873	0.12959399847652764	0.24778940301757962	0.29075854731764106	0.3888587303579858	0.21268940181263346	0.14656999436703763	0.14929831897797521	0.10884607546204263	0.10854459677730884	0.22524617532349797	0.1373960596246585	0.08756834318235733	0.41545057832904386	0.09023159633089897	0.3069535047202547	0.12410297691401616	0.1277389945455534	0.13047921172306645	0.34893782495731335	0.30508244784274047	0.33456622526381996	0.12862152908101862	0.25518784818059537	0.24624560944688886	0.23645848478963064	0.13511093127581478	0.12959399847652764	0.09473322553870296	0.12959399847652764	0.13511093127581478	0.13511093127581478	0.138746948907352	0.09826711894131755	0.138746948907352	0.138746948907352	0.138352740720943	0.138352740720943	0.18872348626006286	0.1510804312863474	0.18872348626006286	0.18872348626006286	0.2466869596412074	0.18714215030547465	0.13511162134110602	0.13072737093969775	0.10165810991876084	0.08864713281969165	0.04327371470263047	0.13511162134110602	0.09550228991419796	0.10028086872079145	0.2939930063899863	0.13590222046043424	0.1032747850922508	0.18996965755506096	0.05014665226984853	0.022846499085701917	0.1445066232096153	0.017359550700859663	0.13313224695366915	0.14059856972594828
G1-14	0.03973009414078486	0.09228281787949741	0.014685491173188594	0.012030391325336561	0.00841159771049107	0.012030403751204993	0.18811518778956318	0.00637847364506317	0.012030391325336561	0.029075358231273843	0.0	0.14617877954141825	0.14032171156277115	0.14307001126673155	0.14307001126673155	0.14307001126673155	0.0713491733011253	0.49152402369220255	0.2597516099535361	0.3630018004423322	0.13634961345102364	0.41875509617230133	0.5004003201547673	0.14617877954141825	0.11373652660285014	0.1062440064186651	0.2797077723365584	0.10250469127566389	0.09046125631517403	0.15224703573398024	0.15224703573398024	0.15224703573398024	0.3920579699705781	0.24913260665825304	0.14963043370443768	0.10892094626478604	0.14963043370443768	0.14963043370443768	0.14963043370443768	0.14963043370443768	0.14963043370443768	0.15270530387819164	0.16115941586454563	0.045107762413595764	0.28543121776108415	0.15224703573398024	0.25816451721984973	0.2920279623333829	0.3782138039953167	0.20498377461340775	0.14032171156277115	0.14307001126673155	0.10250469127566389	0.09717770244243594	0.22045764103079837	0.1481933425564445	0.10829243772236373	0.42400821315787435	0.1059283047892845	0.3238044207780687	0.15182391964890538	0.14876258436681103	0.14644083095842755	0.3444025653660043	0.30037111699441876	0.34633253085909554	0.13829439185565656	0.2405115628637274	0.24732643409447844	0.23740912522663074	0.15270530387819164	0.15224703573398024	0.11205300714522193	0.15224703573398024	0.15270530387819164	0.15270530387819164	0.14963043370443768	0.10892094626478604	0.14963043370443768	0.14963043370443768	0.1441551604195654	0.1441551604195654	0.19573207119413877	0.16101868343861464	0.19573207119413877	0.19573207119413877	0.2527270019862198	0.20341320054924225	0.1304619892836812	0.1329150706040948	0.0923871489099446	0.10505864954171265	0.041656397185318626	0.1304619892836812	0.09579158127535624	0.09046125631517403	0.2947761449615017	0.13634961345102364	0.10357267282950741	0.19057673777057535	0.03987926221448257	0.012030391325336561	0.13996753652051533	0.011953185834583555	0.12395687079700717	0.13086467925705308
G1-140	0.15927526114026064	0.11367257053935884	0.13275718763860986	0.14059856972594828	0.144214825677661	0.14059858203865502	0.2885052901531267	0.1398759474746485	0.14059856972594828	0.11839554796865964	0.14617877954141825	0.0	0.03301938404101112	0.03611071782984807	0.03611071782984807	0.03611071782984807	0.19158373092415018	0.5556466880025509	0.29411666494265315	0.3859010843938413	0.019857740567707838	0.4509891180991755	0.5305490325579525	0.0	0.10601881129071584	0.10332620923666241	0.28966422147943977	0.12947572713539007	0.12051670691747222	0.012702352491602314	0.012702352491602314	0.012702352491602314	0.4018866643851563	0.26345224484773133	0.023084503364065232	0.11850925714970449	0.023084503364065232	0.023084503364065232	0.023084503364065232	0.023084503364065232	0.023084503364065232	0.01896018477293364	0.2556733284533911	0.15918189733363353	0.2065244044982542	0.012702352491602314	0.27596751438763106	0.19609734511130594	0.4176874722518761	0.2354387236121059	0.03301938404101112	0.03611071782984807	0.12947572713539007	0.1291013187982331	0.24834854598203732	0.022624838490232193	0.10724263829089924	0.3520607095064221	0.11004724498844609	0.23507037435883213	0.006473911210640787	0.01059822980177238	0.013706445931125171	0.2670145630298968	0.33451473938392123	0.3582577982296771	0.23363719907290725	0.2835997257425245	0.2741855128204684	0.1478878680302159	0.01896018477293364	0.012702352491602314	0.11478780051280285	0.012702352491602314	0.01896018477293364	0.01896018477293364	0.023084503364065232	0.11850925714970449	0.023084503364065232	0.023084503364065232	0.022995226820523035	0.022995226820523035	0.08773135968954743	0.17270870168467028	0.08773135968954743	0.08773135968954743	0.2698086360367183	0.08536840226143147	0.019676499227895577	0.015430968879469617	0.2099129722315513	0.1974456203511093	0.15834390639707918	0.019676499227895577	0.11559768338088058	0.12051670691747222	0.31762633726608247	0.019857740567707838	0.2113348301060712	0.08884265091141916	0.16460891269785974	0.14059856972594828	0.031729255698067865	0.13511162134110602	0.15425909672969845	0.02589578090852715
G1-141	0.1650970007610553	0.11261055070344916	0.13866368522450565	0.136253771463156	0.13308963822386233	0.13625378389040338	0.29382715239065427	0.1457602933205947	0.136253771463156	0.14656999436703763	0.14032171156277115	0.03301938404101112	0.0	0.0031665715285599133	0.0031665715285599133	0.0031665715285599133	0.1926839448793476	0.5483932132249725	0.28466966557645135	0.38443094953927953	0.013613341021316753	0.4453145444387802	0.5263892937221774	0.03301938404101112	0.13487332343071023	0.12176629058973566	0.3038702895353657	0.10184003129165156	0.11587819467831095	0.039567092977084994	0.039567092977084994	0.039567092977084994	0.4166896787102238	0.2690236725298316	0.02955423589250788	0.12470284795990003	0.02955423589250788	0.02955423589250788	0.02955423589250788	0.02955423589250788	0.02955423589250788	0.03355674395741655	0.26664418824950986	0.16517522680687213	0.1948121720123404	0.039567092977084994	0.2827521491464783	0.20324263763782927	0.4114042546870112	0.23236145959299329	0.0	0.0031665715285599133	0.10184003129165156	0.10153560869492026	0.22680192362474472	0.010535355363678492	0.1292632093056804	0.3583854177889906	0.12682578312512807	0.24215447564948925	0.03943335082192301	0.035492246812665836	0.032500670614765526	0.25682297318375663	0.3261245377320715	0.3677801774312205	0.23937636606923152	0.2740660196350077	0.2809256262929024	0.15392141441050425	0.03355674395741655	0.039567092977084994	0.1279602875138658	0.039567092977084994	0.03355674395741655	0.03355674395741655	0.02955423589250788	0.12470284795990003	0.02955423589250788	0.02955423589250788	0.029444497059077354	0.029444497059077354	0.10126293368680583	0.17871102421417628	0.10126293368680583	0.10126293368680583	0.2806421689979722	0.09897812366839583	0.025876320059809263	0.04194896480274868	0.20651395108479015	0.20927377426811594	0.15765880947048744	0.025876320059809263	0.11088586720721491	0.11587819467831095	0.315488210068622	0.013613341021316753	0.20795410030844344	0.08372285623449363	0.16060366150315805	0.136253771463156	0.02575731400527123	0.1410108460712025	0.15010903337335987	0.019754010379979852
G1-142	0.16776609651060043	0.1154474400300747	0.14141728546164908	0.1390150759372983	0.13586105809414967	0.13901508836454565	0.2960847115894072	0.14849120645932945	0.1390150759372983	0.14929831897797521	0.14307001126673155	0.03611071782984807	0.0031665715285599133	0.0	0.0	0.0	0.19526484811388656	0.5498516781956578	0.2875227879776185	0.38639885807192814	0.016766713857787472	0.4475180377246672	0.528278308140394	0.03611071782984807	0.13765750850437614	0.12457390999346393	0.3060957418969298	0.09927013874711077	0.11870463769602123	0.03657963939147386	0.03657963939147386	0.03657963939147386	0.41856691118245604	0.27136052580553816	0.026504068146810333	0.12222223845302248	0.026504068146810333	0.026504068146810333	0.026504068146810333	0.026504068146810333	0.026504068146810333	0.030531723773791927	0.2689886484824132	0.16784407247610064	0.19795894831370628	0.03657963939147386	0.28557816002935343	0.20635646660874915	0.413704561619202	0.23481551808449927	0.0031665715285599133	0.0	0.09927013874711077	0.10438064430168303	0.22489814586162848	0.013668565935900519	0.13206544907171852	0.3609134278621919	0.12963586711302855	0.2445701186576722	0.042524684610759964	0.03859626401914962	0.03561431543073415	0.2597871631827044	0.328812315789943	0.36981481243490155	0.24182423529534935	0.2769030618335688	0.28373586027738296	0.15662623731644254	0.030531723773791927	0.03657963939147386	0.12549813291595555	0.03657963939147386	0.030531723773791927	0.030531723773791927	0.026504068146810333	0.12222223845302248	0.026504068146810333	0.026504068146810333	0.032567977374316465	0.032567977374316465	0.10415528505331587	0.17652747279850087	0.10415528505331587	0.10415528505331587	0.2829572349761048	0.09634934381091281	0.028990489461559733	0.0450117516752635	0.2090506412660609	0.21180164158932413	0.16035168432344463	0.028990489461559733	0.11372827016284083	0.11870463769602123	0.31767652117863693	0.016766713857787472	0.21048618648640477	0.08665209643612086	0.16328712197857606	0.1390150759372983	0.028852074469944408	0.1437569426857154	0.1528260440544423	0.022887752152123922
G1-143	0.16776609651060043	0.1154474400300747	0.14141728546164908	0.1390150759372983	0.13586105809414967	0.13901508836454565	0.2960847115894072	0.14849120645932945	0.1390150759372983	0.14929831897797521	0.14307001126673155	0.03611071782984807	0.0031665715285599133	0.0	0.0	0.0	0.19526484811388656	0.5498516781956578	0.2875227879776185	0.38639885807192814	0.016766713857787472	0.4475180377246672	0.528278308140394	0.03611071782984807	0.13765750850437614	0.12457390999346393	0.3060957418969298	0.09927013874711077	0.11870463769602123	0.03657963939147386	0.03657963939147386	0.03657963939147386	0.41856691118245604	0.27136052580553816	0.026504068146810333	0.12222223845302248	0.026504068146810333	0.026504068146810333	0.026504068146810333	0.026504068146810333	0.026504068146810333	0.030531723773791927	0.2689886484824132	0.16784407247610064	0.19795894831370628	0.03657963939147386	0.28557816002935343	0.20635646660874915	0.413704561619202	0.23481551808449927	0.0031665715285599133	0.0	0.09927013874711077	0.10438064430168303	0.22489814586162848	0.013668565935900519	0.13206544907171852	0.3609134278621919	0.12963586711302855	0.2445701186576722	0.042524684610759964	0.03859626401914962	0.03561431543073415	0.2597871631827044	0.328812315789943	0.36981481243490155	0.24182423529534935	0.2769030618335688	0.28373586027738296	0.15662623731644254	0.030531723773791927	0.03657963939147386	0.12549813291595555	0.03657963939147386	0.030531723773791927	0.030531723773791927	0.026504068146810333	0.12222223845302248	0.026504068146810333	0.026504068146810333	0.032567977374316465	0.032567977374316465	0.10415528505331587	0.17652747279850087	0.10415528505331587	0.10415528505331587	0.2829572349761048	0.09634934381091281	0.028990489461559733	0.0450117516752635	0.2090506412660609	0.21180164158932413	0.16035168432344463	0.028990489461559733	0.11372827016284083	0.11870463769602123	0.31767652117863693	0.016766713857787472	0.21048618648640477	0.08665209643612086	0.16328712197857606	0.1390150759372983	0.028852074469944408	0.1437569426857154	0.1528260440544423	0.022887752152123922
G1-144	0.16776609651060043	0.1154474400300747	0.14141728546164908	0.1390150759372983	0.13586105809414967	0.13901508836454565	0.2960847115894072	0.14849120645932945	0.1390150759372983	0.14929831897797521	0.14307001126673155	0.03611071782984807	0.0031665715285599133	0.0	0.0	0.0	0.19526484811388656	0.5498516781956578	0.2875227879776185	0.38639885807192814	0.016766713857787472	0.4475180377246672	0.528278308140394	0.03611071782984807	0.13765750850437614	0.12457390999346393	0.3060957418969298	0.09927013874711077	0.11870463769602123	0.03657963939147386	0.03657963939147386	0.03657963939147386	0.41856691118245604	0.27136052580553816	0.026504068146810333	0.12222223845302248	0.026504068146810333	0.026504068146810333	0.026504068146810333	0.026504068146810333	0.026504068146810333	0.030531723773791927	0.2689886484824132	0.16784407247610064	0.19795894831370628	0.03657963939147386	0.28557816002935343	0.20635646660874915	0.413704561619202	0.23481551808449927	0.0031665715285599133	0.0	0.09927013874711077	0.10438064430168303	0.22489814586162848	0.013668565935900519	0.13206544907171852	0.3609134278621919	0.12963586711302855	0.2445701186576722	0.042524684610759964	0.03859626401914962	0.03561431543073415	0.2597871631827044	0.328812315789943	0.36981481243490155	0.24182423529534935	0.2769030618335688	0.28373586027738296	0.15662623731644254	0.030531723773791927	0.03657963939147386	0.12549813291595555	0.03657963939147386	0.030531723773791927	0.030531723773791927	0.026504068146810333	0.12222223845302248	0.026504068146810333	0.026504068146810333	0.032567977374316465	0.032567977374316465	0.10415528505331587	0.17652747279850087	0.10415528505331587	0.10415528505331587	0.2829572349761048	0.09634934381091281	0.028990489461559733	0.0450117516752635	0.2090506412660609	0.21180164158932413	0.16035168432344463	0.028990489461559733	0.11372827016284083	0.11870463769602123	0.31767652117863693	0.016766713857787472	0.21048618648640477	0.08665209643612086	0.16328712197857606	0.1390150759372983	0.028852074469944408	0.1437569426857154	0.1528260440544423	0.022887752152123922
G1-15	0.09995188421795202	0.14638352197431956	0.07317367401177971	0.07578350430480618	0.07920385066199521	0.07578351595047568	0.231793248524352	0.07032186718146044	0.07578350430480618	0.08117275233918925	0.0713491733011253	0.19158373092415018	0.1926839448793476	0.19526484811388656	0.19526484811388656	0.19526484811388656	0.0	0.5083477154456	0.3039821500976597	0.31523455071478296	0.1829563420518888	0.446283184297316	0.5209464762999967	0.19158373092415018	0.15964156979944275	0.15279547189925696	0.3130721017945424	0.15572726910560786	0.14773293485827077	0.19742061745013872	0.19742061745013872	0.19742061745013872	0.4133193665890336	0.2866437268762958	0.20137663980157244	0.1617143193170375	0.20137663980157244	0.20137663980157244	0.20137663980157244	0.20137663980157244	0.20137663980157244	0.1979684278385462	0.20778100396762234	0.11110218520420488	0.33788238154494116	0.19742061745013872	0.3021157213488688	0.34359369718524774	0.4155589602643953	0.24926610824419576	0.1926839448793476	0.19526484811388656	0.15572726910560786	0.1553247782315616	0.26092538212530664	0.19962974478556136	0.16086031699886225	0.4532894105412824	0.15876702877623472	0.3522393787148713	0.19690625213269894	0.20029705754504828	0.19824824705170413	0.3825084878962258	0.3400106949769778	0.37109789009176813	0.18513627634069751	0.2944699695058363	0.30039604620420557	0.286450484148077	0.1979684278385462	0.19742061745013872	0.15839599394885984	0.19742061745013872	0.1979684278385462	0.1979684278385462	0.20137663980157244	0.1617143193170375	0.20137663980157244	0.20137663980157244	0.20084691746117006	0.20084691746117006	0.13979636670307502	0.1032968978131312	0.13979636670307502	0.13979636670307502	0.20434417968195767	0.1379685987898053	0.18663439493566394	0.18845186830129243	0.14659664004690892	0.14939305142424747	0.09877447834350911	0.18663439493566394	0.14344631162334057	0.14773293485827077	0.3235471861742091	0.1829563420518888	0.034283322586231034	0.11984362597345026	0.10024284576064248	0.07578350430480618	0.19497474328271908	0.07554745144161082	0.1772673405991281	0.18715639141338633
G1-175	0.47651319141449183	0.501444900472532	0.49100710878955084	0.49025745737286	0.4892761940274002	0.4902574573303711	0.39636057163854044	0.4932262163624077	0.49025745737286	0.49348051353090483	0.49152402369220255	0.5556466880025509	0.5483932132249725	0.5498516781956578	0.5498516781956578	0.5498516781956578	0.5083477154456	0.0	0.5799658589355646	0.3835823515905539	0.5515241809245377	0.508717051993165	0.6251677372164668	0.5556466880025509	0.5047610480116881	0.5040988488787796	0.5255377967549802	0.49925134674330146	0.5023890191769311	0.5551177286825284	0.5551177286825284	0.5551177286825284	0.49767071649528416	0.4871438979562806	0.5529597000218176	0.5023809531199754	0.5529597000218176	0.5529597000218176	0.5529597000218176	0.5529597000218176	0.5529597000218176	0.5538194805076178	0.4044613659487801	0.47653982591286276	0.6348639918262827	0.5551177286825284	0.5839132023699479	0.6366433408912586	0.6287984931016265	0.42435217716001494	0.5483932132249725	0.5498516781956578	0.49925134674330146	0.49852007215213207	0.47144398618322	0.5505971111118453	0.5030975746160488	0.6127856506732615	0.5023780607646224	0.5902045202798426	0.5543110426467783	0.5534559513038493	0.5528093562946569	0.6137991738758286	0.5632693665370586	0.39938654452632016	0.46891196629391496	0.5843367276597863	0.5863623017977154	0.5834575671928302	0.5538194805076178	0.5551177286825284	0.5033380103380626	0.5551177286825284	0.5538194805076178	0.5538194805076178	0.5529597000218176	0.5023809531199754	0.5529597000218176	0.5529597000218176	0.5521509970394133	0.5521509970394133	0.5682314113240646	0.5187080508576287	0.5682314113240646	0.5682314113240646	0.4494047674399612	0.5684316243092513	0.5541190447699649	0.5575733974895866	0.4595679420980428	0.46063561306532474	0.4739910042981638	0.5541190447699649	0.5009479515507148	0.5023890191769311	0.5080723949939501	0.5515241809245377	0.4914551160656282	0.5668458595189858	0.4749871127162604	0.49025745737286	0.548301277946977	0.4917391490698206	0.5124869761713098	0.5528192041310723
